0.0134735107421875
0.282958984375
0.9421539306640625
0.785247802734375
0.4902191162109375
0.29461669921875
0.1869659423828125
0.926300048828125
0.4523162841796875
0.4986572265625
0.4718170166015625
0.908172607421875
0.0716400146484375
0.50445556640625
0.5935821533203125
0.465240478515625
0.7700653076171875
0.17138671875
0.5991363525390625
0.581878662109375
0.2194671630859375
0.60882568359375
0.7853546142578125
0.492462158203125
0.3417205810546875
0.1761474609375
0.6991119384765625
0.681365966796875
0.3087005615234375
0.48272705078125
0.1372833251953125
0.882965087890625
0.5422821044921875
0.387939453125
0.1467437744140625
0.081634521484375
0.7143402099609375
0.00115966796875
0.0243682861328125
0.511749267578125
0.7467498779296875
0.6817626953125
0.3170318603515625
0.657684326171875
0.8113861083984375
0.03912353515625
0.8216094970703125
0.253814697265625
0.3301239013671875
0.9326171875
0.5849761962890625
0.284515380859375
0.9748382568359375
0.47161865234375
0.9040069580078125
0.984161376953125
0.6674041748046875
0.0155029296875
0.3255767822265625
0.837127685546875
0.5796966552734375
0.17364501953125
0.6465606689453125
0.577789306640625
0.1335906982421875
0.805419921875
0.9138336181640625
0.190521240234375
0.0009613037109375
0.02020263671875
0.4242706298828125
0.909698486328125
0.1036834716796875
0.1773681640625
0.7247467041015625
0.219696044921875
0.6136322021484375
0.88629150390625
0.6121368408203125
0.854888916015625
0.9526824951171875
0.00634765625
0.1333160400390625
0.799652099609375
0.7927093505859375
0.64691162109375
0.5851593017578125
0.288360595703125
0.0555877685546875
0.1673583984375
0.5145416259765625
0.805389404296875
0.9131927490234375
0.17706298828125
0.7183380126953125
0.085113525390625
0.7873992919921875
0.535400390625
0.2434234619140625
0.111907958984375
0.3500823974609375
0.35174560546875
0.3866729736328125
0.120147705078125
0.5231170654296875
0.9854736328125
0.6949615478515625
0.594207763671875
0.4783782958984375
0.04595947265625
0.9651641845703125
0.268463134765625
0.6377410888671875
0.392578125
0.2441558837890625
0.127288818359375
0.6730804443359375
0.13470458984375
0.8288116455078125
0.405059814453125
0.5062713623046875
0.6317138671875
0.2660064697265625
0.586151123046875
0.3091888427734375
0.49298095703125
0.3526153564453125
0.404937744140625
0.5037078857421875
0.577880859375
0.1355133056640625
0.845794677734375
0.7617034912109375
0.99578857421875
0.9115753173828125
0.143096923828125
0.0050506591796875
0.1060791015625
0.2276763916015625
0.781219482421875
0.4056243896484375
0.51812744140625
0.8806915283203125
0.494537353515625
0.3852996826171875
0.09130859375
0.9174957275390625
0.267425537109375
0.6159515380859375
0.93499755859375
0.6349639892578125
0.334259033203125
0.0194549560546875
0.4085693359375
0.5799713134765625
0.179412841796875
0.7676849365234375
0.12139892578125
0.5493927001953125
0.537261962890625
0.2825164794921875
0.932861328125
0.5901031494140625
0.392181396484375
0.2358245849609375
0.95233154296875
0.9989776611328125
0.978546142578125
0.5494842529296875
0.5391845703125
0.3228912353515625
0.780731201171875
0.3953704833984375
0.30279541015625
0.3587188720703125
0.533111572265625
0.1953582763671875
0.1025390625
0.1533355712890625
0.220062255859375
0.6213226318359375
0.04779052734375
0.0036163330078125
0.075958251953125
0.5951385498046875
0.4979248046875
0.4564361572265625
0.585174560546875
0.2886810302734375
0.06231689453125
0.3086700439453125
0.482086181640625
0.1238250732421875
0.600341796875
0.6071929931640625
0.751068115234375
0.7724456787109375
0.22137451171875
0.6488800048828125
0.626495361328125
0.1564178466796875
0.2847900390625
0.9806060791015625
0.592742919921875
0.4476165771484375
0.39996337890625
0.3992462158203125
0.384185791015625
0.0679168701171875
0.42626953125
0.9516754150390625
0.985198974609375
0.6891937255859375
0.47308349609375
0.9347686767578125
0.630157470703125
0.2333221435546875
0.8997802734375
0.8954010009765625
0.803436279296875
0.8721771240234375
0.31573486328125
0.6304473876953125
0.239410400390625
0.0276336669921875
0.580322265625
0.1867828369140625
0.922454833984375
0.3715667724609375
0.80291748046875
0.8612823486328125
0.086944580078125
0.8258514404296875
0.3428955078125
0.2008209228515625
0.217254638671875
0.5623626708984375
0.80963134765625
0.0022735595703125
0.047760009765625
0.0029754638671875
0.0625
0.3125152587890625
0.562835693359375
0.8195648193359375
0.21087646484375
0.4284210205078125
0.996856689453125
0.9340057373046875
0.6141357421875
0.8968658447265625
0.834197998046875
0.5181732177734375
0.88165283203125
0.5147247314453125
0.809234619140625
0.9939422607421875
0.872802734375
0.3288726806640625
0.906341552734375
0.0331878662109375
0.69696044921875
0.6361846923828125
0.359893798828125
0.5577850341796875
0.7135009765625
0.9835357666015625
0.654266357421875
0.7396087646484375
0.53179931640625
0.1678009033203125
0.523834228515625
0.0005340576171875
0.01123046875
0.2358551025390625
0.952972412109375
0.0124359130859375
0.26116943359375
0.4845733642578125
0.176055908203125
0.6971893310546875
0.6409912109375
0.4608306884765625
0.677459716796875
0.2266693115234375
0.76007080078125
0.9615020751953125
0.191558837890625
0.0227508544921875
0.477783203125
0.0334625244140625
0.702728271484375
0.7573089599609375
0.90350341796875
0.9735870361328125
0.445343017578125
0.3522186279296875
0.3966064453125
0.3287506103515625
0.903778076171875
0.9793548583984375
0.56646728515625
0.8958282470703125
0.812408447265625
0.0605926513671875
0.2724609375
0.7216949462890625
0.155609130859375
0.2678070068359375
0.62396240234375
0.1032257080078125
0.167755126953125
0.5228729248046875
0.9803466796875
0.5872955322265625
0.333221435546875
0.9976654052734375
0.95098876953125
0.9707794189453125
0.386383056640625
0.1140594482421875
0.395263671875
0.3005523681640625
0.311614990234375
0.5439300537109375
0.42254638671875
0.8734893798828125
0.343292236328125
0.2091522216796875
0.3922119140625
0.2364654541015625
0.965789794921875
0.2816009521484375
0.91363525390625
0.1863555908203125
0.913482666015625
0.1831512451171875
0.84619140625
0.7700347900390625
0.170745849609375
0.5856781005859375
0.29925537109375
0.2843780517578125
0.971954345703125
0.4110565185546875
0.6322021484375
0.2762603759765625
0.801483154296875
0.8311614990234375
0.45440673828125
0.5425567626953125
0.393707275390625
0.2678680419921875
0.625244140625
0.1301422119140625
0.733001708984375
0.3930511474609375
0.25408935546875
0.3358917236328125
0.053741455078125
0.1285858154296875
0.7003173828125
0.7066802978515625
0.840301513671875
0.6463470458984375
0.57330322265625
0.0393829345703125
0.827056884765625
0.3682098388671875
0.732421875
0.3808746337890625
0.998382568359375
0.9660491943359375
0.28704833984375
0.0280303955078125
0.588653564453125
0.3617401123046875
0.5965576171875
0.5277252197265625
0.082244873046875
0.7271575927734375
0.27032470703125
0.6768341064453125
0.213531494140625
0.4841766357421875
0.167724609375
0.5222320556640625
0.966888427734375
0.3046722412109375
0.39813232421875
0.3607940673828125
0.576690673828125
0.1105194091796875
0.3209228515625
0.7393951416015625
0.527313232421875
0.0735931396484375
0.54547119140625
0.4549102783203125
0.553131103515625
0.6157684326171875
0.93115234375
0.5542144775390625
0.638519287109375
0.4089202880859375
0.58734130859375
0.3341827392578125
0.017852783203125
0.3749237060546875
0.8734130859375
0.3416900634765625
0.175506591796875
0.6856536865234375
0.39874267578125
0.3736114501953125
0.845855712890625
0.7629852294921875
0.022705078125
0.4768218994140625
0.013275146484375
0.2787933349609375
0.85467529296875
0.9481964111328125
0.912139892578125
0.1549530029296875
0.2540283203125
0.3346099853515625
0.026824951171875
0.5633392333984375
0.83013916015625
0.4329376220703125
0.091705322265625
0.9258270263671875
0.4423828125
0.2900543212890625
0.091156005859375
0.9142913818359375
0.20013427734375
0.2028350830078125
0.259552001953125
0.4506072998046875
0.4627685546875
0.7181549072265625
0.081268310546875
0.7066497802734375
0.83966064453125
0.6328887939453125
0.290679931640625
0.1042938232421875
0.190185546875
0.9939117431640625
0.872161865234375
0.3154144287109375
0.62371826171875
0.0980987548828125
0.060089111328125
0.2618865966796875
0.4996337890625
0.4923248291015625
0.338836669921875
0.1155853271484375
0.42730712890625
0.9734649658203125
0.442779541015625
0.2983856201171875
0.26611328125
0.5883941650390625
0.356292724609375
0.4821624755859375
0.12542724609375
0.6339874267578125
0.313751220703125
0.5887908935546875
0.3646240234375
0.6571197509765625
0.799530029296875
0.7901458740234375
0.59307861328125
0.4546661376953125
0.548004150390625
0.5081024169921875
0.670166015625
0.0735015869140625
0.543548583984375
0.4145355224609375
0.70526123046875
0.8105010986328125
0.020538330078125
0.4313201904296875
0.0577392578125
0.2125396728515625
0.463348388671875
0.7303314208984375
0.33697509765625
0.0764923095703125
0.606353759765625
0.7334442138671875
0.40234375
0.4492340087890625
0.433929443359375
0.1125335693359375
0.36322021484375
0.6276397705078125
0.180450439453125
0.7894744873046875
0.5789794921875
0.1585845947265625
0.330291748046875
0.9361419677734375
0.65899658203125
0.8389434814453125
0.617828369140625
0.9744110107421875
0.462646484375
0.7155914306640625
0.027435302734375
0.5761566162109375
0.09930419921875
0.0854034423828125
0.793487548828125
0.6632537841796875
0.9283447265625
0.4952545166015625
0.400360107421875
0.4075775146484375
0.55914306640625
0.7420196533203125
0.582427978515625
0.2310028076171875
0.85107421875
0.8725738525390625
0.324066162109375
0.8054046630859375
0.91351318359375
0.1837921142578125
0.859649658203125
0.0526580810546875
0.1058349609375
0.2225494384765625
0.673553466796875
0.1446380615234375
0.03741455078125
0.7857208251953125
0.500152587890625
0.5032196044921875
0.567626953125
0.9201812744140625
0.323822021484375
0.8002777099609375
0.80584716796875
0.9228057861328125
0.378936767578125
0.9576873779296875
0.1114501953125
0.3404693603515625
0.149871826171875
0.1473236083984375
0.09381103515625
0.9700469970703125
0.371002197265625
0.7910614013671875
0.6123046875
0.8584136962890625
0.026702880859375
0.5607757568359375
0.77630615234375
0.3024444580078125
0.351348876953125
0.3783416748046875
0.9451904296875
0.8490142822265625
0.829315185546875
0.4156341552734375
0.72833251953125
0.2949981689453125
0.194976806640625
0.0945281982421875
0.985107421875
0.6872711181640625
0.432708740234375
0.0868988037109375
0.82489013671875
0.3227081298828125
0.776885986328125
0.3146209716796875
0.6070556640625
0.7481842041015625
0.711883544921875
0.9495697021484375
0.94097900390625
0.7605743408203125
0.972076416015625
0.4136199951171875
0.68603515625
0.4067535400390625
0.541839599609375
0.3786468505859375
0.95159912109375
0.9835968017578125
0.655548095703125
0.7665252685546875
0.0970458984375
0.0379791259765625
0.797576904296875
0.7491302490234375
0.73175048828125
0.3667755126953125
0.702301025390625
0.7483367919921875
0.715087890625
0.0168609619140625
0.354095458984375
0.4360198974609375
0.15643310546875
0.2851104736328125
0.987335205078125
0.7340545654296875
0.4151611328125
0.7183990478515625
0.086395263671875
0.8143157958984375
0.10064697265625
0.1136016845703125
0.385650634765625
0.0986785888671875
0.072265625
0.5175933837890625
0.869476318359375
0.2590179443359375
0.43939208984375
0.2272491455078125
0.772247314453125
0.2172088623046875
0.5614013671875
0.7894439697265625
0.578338623046875
0.1451263427734375
0.04766845703125
0.0010528564453125
0.022125244140625
0.4646453857421875
0.757568359375
0.9089508056640625
0.087982177734375
0.8476409912109375
0.80047607421875
0.8100128173828125
0.010284423828125
0.2159881591796875
0.5357666015625
0.2511138916015625
0.273406982421875
0.7415618896484375
0.57281494140625
0.0291290283203125
0.611724853515625
0.8462371826171875
0.77099609375
0.1909332275390625
0.009613037109375
0.2018890380859375
0.23968505859375
0.0334014892578125
0.701446533203125
0.7303924560546875
0.3382568359375
0.1034088134765625
0.171600341796875
0.6036224365234375
0.67608642578125
0.1978302001953125
0.154449462890625
0.2434539794921875
0.112548828125
0.3635406494140625
0.634368896484375
0.3217620849609375
0.75701904296875
0.8974151611328125
0.845733642578125
0.7604217529296875
0.9688720703125
0.3463287353515625
0.272918701171875
0.7313079833984375
0.35748291015625
0.5071563720703125
0.650299072265625
0.6562957763671875
0.7822265625
0.4267730712890625
0.962249755859375
0.2072601318359375
0.35247802734375
0.4020538330078125
0.443145751953125
0.3060760498046875
0.4276123046875
0.9798736572265625
0.577362060546875
0.1246185302734375
0.61700439453125
0.9571075439453125
0.099273681640625
0.0847625732421875
0.780029296875
0.3806304931640625
0.993255615234375
0.8583831787109375
0.02606201171875
0.5473175048828125
0.493682861328125
0.3673553466796875
0.7144775390625
0.0040435791015625
0.084930419921875
0.7835540771484375
0.45465087890625
0.5476837158203125
0.501373291015625
0.5288543701171875
0.10595703125
0.2251129150390625
0.727386474609375
0.2751312255859375
0.77777099609375
0.3332061767578125
0.997344970703125
0.9442596435546875
0.8294677734375
0.4188385009765625
0.795623779296875
0.7081146240234375
0.87042236328125
0.2788848876953125
0.856597900390625
0.9885711669921875
0.760009765625
0.9602203369140625
0.164642333984375
0.4575042724609375
0.60760498046875
0.7597198486328125
0.954132080078125
0.0367889404296875
0.7725830078125
0.2242584228515625
0.709442138671875
0.8983001708984375
0.86431884765625
0.1507110595703125
0.164947509765625
0.4639129638671875
0.7421875
0.5859527587890625
0.305023193359375
0.4055023193359375
0.51556396484375
0.8268585205078125
0.364044189453125
0.6449432373046875
0.5438232421875
0.4203033447265625
0.826385498046875
0.3541107177734375
0.43634033203125
0.1631622314453125
0.426422119140625
0.9548797607421875
0.052490234375
0.1023101806640625
0.148529052734375
0.1191253662109375
0.50164794921875
0.5346221923828125
0.227081298828125
0.7687225341796875
0.1431884765625
0.0069732666015625
0.146453857421875
0.0755462646484375
0.58648681640625
0.3162384033203125
0.641021728515625
0.4614715576171875
0.69091796875
0.5092926025390625
0.695159912109375
0.5983734130859375
0.56585693359375
0.8830108642578125
0.543243408203125
0.4081268310546875
0.5706787109375
0.9842681884765625
0.669647216796875
0.0626068115234375
0.31475830078125
0.6099395751953125
0.808746337890625
0.9836883544921875
0.657470703125
0.8069000244140625
0.944915771484375
0.8432464599609375
0.70819091796875
0.8720245361328125
0.312530517578125
0.5631561279296875
0.8262939453125
0.3521881103515625
0.395965576171875
0.3152923583984375
0.62115478515625
0.0442657470703125
0.929595947265625
0.5215301513671875
0.9521484375
0.9951324462890625
0.897796630859375
0.8537445068359375
0.92864990234375
0.5016632080078125
0.534942626953125
0.2338104248046875
0.9100341796875
0.1107330322265625
0.325408935546875
0.8336029052734375
0.50567626953125
0.6192169189453125
0.003570556640625
0.0749969482421875
0.574951171875
0.0739898681640625
0.553802490234375
0.6298675537109375
0.22723388671875
0.7719268798828125
0.210479736328125
0.4200897216796875
0.8218994140625
0.2599029541015625
0.457977294921875
0.6175384521484375
0.96832275390625
0.3347930908203125
0.030670166015625
0.6440887451171875
0.52587890625
0.0434722900390625
0.912933349609375
0.1716156005859375
0.60394287109375
0.6828155517578125
0.339141845703125
0.1219940185546875
0.5618896484375
0.7996978759765625
0.793670654296875
0.6670989990234375
0.00909423828125
0.1909942626953125
0.010894775390625
0.2288055419921875
0.804931640625
0.9035797119140625
0.975189208984375
0.4789886474609375
0.05877685546875
0.2343292236328125
0.920928955078125
0.3395233154296875
0.1300048828125
0.7301177978515625
0.332489013671875
0.9822845458984375
0.62799072265625
0.1878204345703125
0.944244384765625
0.8291473388671875
0.412109375
0.6543121337890625
0.740570068359375
0.5519866943359375
0.59173583984375
0.4264678955078125
0.955841064453125
0.0726776123046875
0.5262451171875
0.0511627197265625
0.074432373046875
0.5630950927734375
0.82501220703125
0.3252716064453125
0.830718994140625
0.4451141357421875
0.347412109375
0.2956695556640625
0.209075927734375
0.3906097412109375
0.20281982421875
0.2592315673828125
0.443878173828125
0.3214569091796875
0.7506103515625
0.7628326416015625
0.019500732421875
0.4095306396484375
0.60015869140625
0.6033477783203125
0.670318603515625
0.0767059326171875
0.61083984375
0.8276519775390625
0.380706787109375
0.9948577880859375
0.89202880859375
0.7326202392578125
0.385040283203125
0.0858612060546875
0.8031005859375
0.8651275634765625
0.167694091796875
0.5215911865234375
0.95343017578125
0.0220489501953125
0.463043212890625
0.7239227294921875
0.202392578125
0.2502593994140625
0.255462646484375
0.3647308349609375
0.65936279296875
0.8466339111328125
0.779327392578125
0.3658905029296875
0.6837158203125
0.3580474853515625
0.519012451171875
0.8992767333984375
0.88482666015625
0.5813751220703125
0.208892822265625
0.3867645263671875
0.1220703125
0.5634918212890625
0.833343505859375
0.5002288818359375
0.50482177734375
0.6012725830078125
0.626739501953125
0.1615447998046875
0.3924560546875
0.2415924072265625
0.073455810546875
0.5425872802734375
0.39434814453125
0.2813262939453125
0.907867431640625
0.0652313232421875
0.369873046875
0.7673492431640625
0.114349365234375
0.4013519287109375
0.42840576171875
0.9965362548828125
0.927276611328125
0.4728240966796875
0.9293212890625
0.5157623291015625
0.831024169921875
0.4515228271484375
0.48199462890625
0.1219024658203125
0.559967041015625
0.7593231201171875
0.94580078125
0.8618316650390625
0.098480224609375
0.0680999755859375
0.43011474609375
0.0324249267578125
0.680938720703125
0.2997283935546875
0.2943115234375
0.1805572509765625
0.791717529296875
0.6260833740234375
0.14776611328125
0.1031036376953125
0.165191650390625
0.4690399169921875
0.849853515625
0.8469390869140625
0.785736083984375
0.5004730224609375
0.50994873046875
0.7089385986328125
0.887725830078125
0.6422576904296875
0.4874267578125
0.2359771728515625
0.955535888671875
0.0662689208984375
0.39166259765625
0.2249298095703125
0.723541259765625
0.1943817138671875
0.08203125
0.7226715087890625
0.176116943359375
0.6984710693359375
0.66790771484375
0.0260772705078125
0.547637939453125
0.5004119873046875
0.5086669921875
0.6820220947265625
0.322479248046875
0.7720794677734375
0.21368408203125
0.4873809814453125
0.235015869140625
0.9353485107421875
0.642333984375
0.4890289306640625
0.269622802734375
0.6620941162109375
0.90399169921875
0.9838409423828125
0.660675048828125
0.8741912841796875
0.3580322265625
0.5186920166015625
0.892547607421875
0.7435150146484375
0.61383056640625
0.8904571533203125
0.699615478515625
0.6919403076171875
0.53076171875
0.1460113525390625
0.066253662109375
0.3913421630859375
0.21820068359375
0.5822296142578125
0.226837158203125
0.7635955810546875
0.0355224609375
0.7459869384765625
0.665740966796875
0.9805755615234375
0.59210205078125
0.4341583251953125
0.117340087890625
0.4641571044921875
0.747314453125
0.6936187744140625
0.566009521484375
0.8862152099609375
0.61053466796875
0.8212432861328125
0.246124267578125
0.1686248779296875
0.5411376953125
0.3639068603515625
0.642059326171875
0.4832611083984375
0.14849853515625
0.1184844970703125
0.488189697265625
0.2519989013671875
0.2919921875
0.1318511962890625
0.768890380859375
0.1467132568359375
0.08099365234375
0.7008819580078125
0.718536376953125
0.0892791748046875
0.8748779296875
0.3724517822265625
0.821502685546875
0.2515716552734375
0.28302001953125
0.9434356689453125
0.812164306640625
0.0554656982421875
0.164794921875
0.4607086181640625
0.674896240234375
0.1728363037109375
0.62957763671875
0.2211456298828125
0.644073486328125
0.5255584716796875
0.0367431640625
0.7716217041015625
0.204071044921875
0.2855072021484375
0.99566650390625
0.9090118408203125
0.089263916015625
0.8745574951171875
0.36572265625
0.6801910400390625
0.284027099609375
0.9645843505859375
0.25628662109375
0.3820343017578125
0.022735595703125
0.4774627685546875
0.0267333984375
0.5614166259765625
0.789764404296875
0.5850677490234375
0.28643798828125
0.0152130126953125
0.319488525390625
0.7092742919921875
0.894775390625
0.7902984619140625
0.596282958984375
0.5219573974609375
0.96112060546875
0.1835479736328125
0.854522705078125
0.9449920654296875
0.8448486328125
0.7418365478515625
0.578582763671875
0.1502532958984375
0.15533447265625
0.2620391845703125
0.502838134765625
0.5596160888671875
0.751953125
0.7910308837890625
0.611663818359375
0.8449554443359375
0.74407958984375
0.6256866455078125
0.139434814453125
0.9281463623046875
0.4910888671875
0.3128814697265625
0.570526123046875
0.9810638427734375
0.60235595703125
0.6494903564453125
0.639312744140625
0.4255828857421875
0.937255859375
0.6823883056640625
0.330169677734375
0.9335784912109375
0.60516357421875
0.7084503173828125
0.877471923828125
0.4269256591796875
0.9654541015625
0.2745513916015625
0.765594482421875
0.0774993896484375
0.62750244140625
0.1775665283203125
0.728912353515625
0.3071746826171875
0.45068359375
0.4643707275390625
0.751800537109375
0.7878265380859375
0.54437255859375
0.4318389892578125
0.068634033203125
0.4413299560546875
0.2679443359375
0.6268463134765625
0.163787841796875
0.4395599365234375
0.23077392578125
0.8462677001953125
0.771636962890625
0.2043914794921875
0.292236328125
0.1369781494140625
0.876556396484375
0.4076995849609375
0.56170654296875
0.7958526611328125
0.712921142578125
0.9713592529296875
0.3985595703125
0.3697662353515625
0.765106201171875
0.0672454833984375
0.41217041015625
0.6555938720703125
0.767486572265625
0.1172332763671875
0.4619140625
0.7002105712890625
0.704437255859375
0.7931976318359375
0.65716552734375
0.8004913330078125
0.810333251953125
0.0170135498046875
0.3572998046875
0.5033111572265625
0.569549560546875
0.9605560302734375
0.17169189453125
0.6055450439453125
0.716461181640625
0.0457000732421875
0.959716796875
0.1540679931640625
0.235443115234375
0.9443206787109375
0.83074951171875
0.4457550048828125
0.360870361328125
0.5782928466796875
0.1441650390625
0.0274810791015625
0.577117919921875
0.1194915771484375
0.50933837890625
0.6961212158203125
0.618560791015625
0.9897918701171875
0.78564453125
0.4985504150390625
0.469573974609375
0.8610687255859375
0.08245849609375
0.7316436767578125
0.364532470703125
0.6551971435546875
0.7591552734375
0.9422760009765625
0.787811279296875
0.5440521240234375
0.42510986328125
0.9273223876953125
0.473785400390625
0.9495086669921875
0.939697265625
0.7336578369140625
0.406829833984375
0.5434417724609375
0.41229248046875
0.6581573486328125
0.821319580078125
0.2477264404296875
0.2022705078125
0.2476959228515625
0.201629638671875
0.2342376708984375
0.91900634765625
0.2991485595703125
0.282135009765625
0.9248504638671875
0.421875
0.8593902587890625
0.047210693359375
0.9914398193359375
0.82025146484375
0.2252960205078125
0.731231689453125
0.3558807373046875
0.4735107421875
0.9437408447265625
0.818572998046875
0.1900482177734375
0.99102783203125
0.8115997314453125
0.043609619140625
0.9158172607421875
0.232177734375
0.8757476806640625
0.390716552734375
0.2050628662109375
0.30633544921875
0.4330596923828125
0.094268798828125
0.9796600341796875
0.5728759765625
0.0304107666015625
0.638641357421875
0.4114837646484375
0.64117431640625
0.4646759033203125
0.758209228515625
0.9224090576171875
0.37060546875
0.7827301025390625
0.437347412109375
0.1843109130859375
0.87054443359375
0.2814483642578125
0.910430908203125
0.1190643310546875
0.5003662109375
0.5077056884765625
0.661834716796875
0.8985443115234375
0.86944580078125
0.2583770751953125
0.425933837890625
0.9446258544921875
0.837158203125
0.5803375244140625
0.187103271484375
0.9291839599609375
0.51287841796875
0.7704620361328125
0.179718017578125
0.7740936279296875
0.2559814453125
0.3756256103515625
0.888153076171875
0.6512298583984375
0.67584228515625
0.1927032470703125
0.046783447265625
0.9824676513671875
0.6318359375
0.2685699462890625
0.639984130859375
0.4396820068359375
0.23333740234375
0.9001007080078125
0.902130126953125
0.9447479248046875
0.8397216796875
0.6341705322265625
0.317596435546875
0.6695404052734375
0.06036376953125
0.2676544189453125
0.620758056640625
0.0359344482421875
0.754638671875
0.8474273681640625
0.795989990234375
0.7158050537109375
0.03192138671875
0.6703643798828125
0.077667236328125
0.6310272216796875
0.2515869140625
0.2833404541015625
0.950164794921875
0.9534759521484375
0.02301025390625
0.4832305908203125
0.147857666015625
0.1050262451171875
0.20556640625
0.3169097900390625
0.655120849609375
0.7575531005859375
0.90863037109375
0.0812530517578125
0.706329345703125
0.8329315185546875
0.4915771484375
0.3231353759765625
0.785858154296875
0.5030364990234375
0.56378173828125
0.8394317626953125
0.628082275390625
0.1897430419921875
0.984619140625
0.6770172119140625
0.217376708984375
0.5649261474609375
0.86346435546875
0.1327667236328125
0.788116455078125
0.5504608154296875
0.5596923828125
0.7535552978515625
0.824676513671875
0.3182220458984375
0.68267822265625
0.3362579345703125
0.061431884765625
0.2900848388671875
0.091796875
0.9277496337890625
0.482757568359375
0.1379241943359375
0.89642333984375
0.8249053955078125
0.323028564453125
0.7836151123046875
0.4559326171875
0.5746002197265625
0.066619873046875
0.3990325927734375
0.37969970703125
0.9737091064453125
0.447906494140625
0.4060516357421875
0.527099609375
0.0691070556640625
0.451263427734375
0.4765472412109375
0.00750732421875
0.1576690673828125
0.311065673828125
0.5323944091796875
0.1802978515625
0.7862701416015625
0.511688232421875
0.7454681396484375
0.65484619140625
0.7517852783203125
0.787506103515625
0.5376434326171875
0.29052734375
0.1010894775390625
0.122894287109375
0.5807952880859375
0.19671630859375
0.1310577392578125
0.752227783203125
0.7967987060546875
0.7327880859375
0.3885650634765625
0.159881591796875
0.3575286865234375
0.50811767578125
0.6704864501953125
0.080230712890625
0.6848602294921875
0.382080078125
0.0236968994140625
0.497650146484375
0.4506683349609375
0.46405029296875
0.7450714111328125
0.646514892578125
0.5768280029296875
0.1134033203125
0.3814849853515625
0.011199951171875
0.2352142333984375
0.93951416015625
0.7298126220703125
0.326080322265625
0.8477020263671875
0.8017578125
0.8369293212890625
0.575531005859375
0.0861663818359375
0.80950927734375
0.9997100830078125
0.993927001953125
0.8724822998046875
0.3221435546875
0.7650299072265625
0.065643310546875
0.3785247802734375
0.94903564453125
0.9297637939453125
0.525054931640625
0.0261688232421875
0.549560546875
0.5407867431640625
0.356536865234375
0.4872894287109375
0.23309326171875
0.8949737548828125
0.794464111328125
0.6837615966796875
0.3590087890625
0.5391998291015625
0.323211669921875
0.7874603271484375
0.53668212890625
0.2703399658203125
0.677154541015625
0.2202606201171875
0.62548828125
0.1352691650390625
0.840667724609375
0.6540374755859375
0.73480224609375
0.4308624267578125
0.048126220703125
0.0106658935546875
0.2239990234375
0.7039947509765625
0.783905029296875
0.4620208740234375
0.70245361328125
0.7515411376953125
0.782379150390625
0.4299774169921875
0.029541015625
0.6203765869140625
0.027923583984375
0.5864105224609375
0.31463623046875
0.6073760986328125
0.754913330078125
0.8531951904296875
0.9171142578125
0.2594146728515625
0.447723388671875
0.4022064208984375
0.44635009765625
0.3733673095703125
0.840728759765625
0.6553192138671875
0.76171875
0.9961090087890625
0.918304443359375
0.2844085693359375
0.97259521484375
0.4245147705078125
0.914825439453125
0.2113494873046875
0.4383544921875
0.2054595947265625
0.314666748046875
0.6080169677734375
0.76837158203125
0.1358184814453125
0.852203369140625
0.8962860107421875
0.822021484375
0.2624664306640625
0.511810302734375
0.7480316162109375
0.70867919921875
0.8822784423828125
0.527862548828125
0.0851287841796875
0.7877197265625
0.5421295166015625
0.384735107421875
0.0794525146484375
0.66851806640625
0.0388946533203125
0.816802978515625
0.1528778076171875
0.21044921875
0.4194488525390625
0.808441162109375
0.9772796630859375
0.52288818359375
0.9806671142578125
0.594024658203125
0.4745330810546875
0.9652099609375
0.2694244384765625
0.657928466796875
0.8165130615234375
0.14678955078125
0.0825958251953125
0.734527587890625
0.4250946044921875
0.927001953125
0.4670562744140625
0.808197021484375
0.9721527099609375
0.41522216796875
0.7196807861328125
0.113311767578125
0.3795623779296875
0.9708251953125
0.3873443603515625
0.134246826171875
0.8191986083984375
0.20318603515625
0.2669219970703125
0.605377197265625
0.7129364013671875
0.9716796875
0.4052886962890625
0.511077880859375
0.7326507568359375
0.38568115234375
0.0993194580078125
0.085723876953125
0.8002166748046875
0.8045654296875
0.8958892822265625
0.813690185546875
0.0875091552734375
0.83770751953125
0.5918731689453125
0.429351806640625
0.0164031982421875
0.344482421875
0.2341461181640625
0.917083740234375
0.2587738037109375
0.43426513671875
0.1195831298828125
0.511260986328125
0.7364959716796875
0.4664306640625
0.7950592041015625
0.696258544921875
0.6214447021484375
0.05035400390625
0.0574493408203125
0.206451416015625
0.3354949951171875
0.04541015625
0.9536285400390625
0.026214599609375
0.5505218505859375
0.56097412109375
0.7804718017578125
0.389923095703125
0.1884002685546875
0.9564208984375
0.0848541259765625
0.781951904296875
0.4210052490234375
0.84112548828125
0.6636505126953125
0.936676025390625
0.6702117919921875
0.074462890625
0.5637359619140625
0.838470458984375
0.6078948974609375
0.76580810546875
0.0819854736328125
0.721710205078125
0.1559295654296875
0.2745361328125
0.7652740478515625
0.070770263671875
0.4861907958984375
0.21002197265625
0.4104766845703125
0.620025634765625
0.0205535888671875
0.431640625
0.0644683837890625
0.353851318359375
0.4308929443359375
0.04876708984375
0.0241241455078125
0.506622314453125
0.6390838623046875
0.4207763671875
0.8363189697265625
0.562713623046875
0.8170013427734375
0.15704345703125
0.2979278564453125
0.256500244140625
0.3865203857421875
0.116943359375
0.4558258056640625
0.572357177734375
0.0195159912109375
0.40985107421875
0.6068878173828125
0.744659423828125
0.6378631591796875
0.3951416015625
0.2979888916015625
0.257781982421875
0.4134368896484375
0.68218994140625
0.3260040283203125
0.846099853515625
0.7681121826171875
0.13037109375
0.7378082275390625
0.493988037109375
0.3737640380859375
0.84906005859375
0.8302764892578125
0.435821533203125
0.1522674560546875
0.1976318359375
0.1502838134765625
0.155975341796875
0.2754974365234375
0.78546142578125
0.4947052001953125
0.388824462890625
0.1653289794921875
0.471923828125
0.9104156494140625
0.118743896484375
0.4936370849609375
0.36639404296875
0.6942901611328125
0.580108642578125
0.1822967529296875
0.8282470703125
0.3932037353515625
0.257293701171875
0.4031829833984375
0.46685791015625
0.8040313720703125
0.884674072265625
0.5781707763671875
0.1416015625
0.9736480712890625
0.446624755859375
0.3791351318359375
0.96185302734375
0.1989288330078125
0.177520751953125
0.7279510498046875
0.2869873046875
0.0267486572265625
0.561737060546875
0.7964935302734375
0.72637939453125
0.2539825439453125
0.333648681640625
0.0066375732421875
0.139404296875
0.9275054931640625
0.477630615234375
0.0302581787109375
0.63543701171875
0.3441925048828125
0.228057861328125
0.7892303466796875
0.5738525390625
0.0509185791015625
0.069305419921875
0.4554290771484375
0.56402587890625
0.8445587158203125
0.735748291015625
0.4507293701171875
0.46533203125
0.7719879150390625
0.211761474609375
0.4470062255859375
0.38714599609375
0.1300811767578125
0.731719970703125
0.3661346435546875
0.6888427734375
0.4657135009765625
0.779998779296875
0.3799896240234375
0.97979736328125
0.5757598876953125
0.090972900390625
0.9104461669921875
0.119384765625
0.5070953369140625
0.649017333984375
0.6293792724609375
0.21697998046875
0.5565948486328125
0.688507080078125
0.4586639404296875
0.6319580078125
0.2711334228515625
0.693817138671875
0.5701751708984375
0.97369384765625
0.4475860595703125
0.399322509765625
0.3857879638671875
0.1015625
0.1328277587890625
0.789398193359375
0.5773773193359375
0.12493896484375
0.6237335205078125
0.098419189453125
0.0668182373046875
0.4031982421875
0.4671783447265625
0.810760498046875
0.0259857177734375
0.54571533203125
0.4600372314453125
0.660797119140625
0.8767547607421875
0.411865234375
0.6491851806640625
0.632904052734375
0.2910003662109375
0.11102294921875
0.3314971923828125
0.961456298828125
0.1905975341796875
0.0025634765625
0.0538482666015625
0.130828857421875
0.7474212646484375
0.69586181640625
0.6131134033203125
0.875396728515625
0.3833465576171875
0.05029296875
0.0561676025390625
0.179534912109375
0.7702484130859375
0.17523193359375
0.6798858642578125
0.277618408203125
0.8300018310546875
0.4300537109375
0.0311431884765625
0.654022216796875
0.7344818115234375
0.42413330078125
0.9068145751953125
0.043121337890625
0.9055633544921875
0.016845703125
0.3537750244140625
0.429290771484375
0.0151214599609375
0.31756591796875
0.6688995361328125
0.046905517578125
0.9850311279296875
0.6856689453125
0.3990631103515625
0.380340576171875
0.9871673583984375
0.73052978515625
0.3411407470703125
0.163970947265625
0.4434051513671875
0.3115234375
0.5420074462890625
0.382171630859375
0.0256195068359375
0.53802490234375
0.2985382080078125
0.269317626953125
0.6556854248046875
0.7694091796875
0.1576080322265625
0.309783935546875
0.5054779052734375
0.61505126953125
0.9160919189453125
0.237945556640625
0.9968719482421875
0.934326171875
0.6208648681640625
0.038177490234375
0.8017425537109375
0.83660888671875
0.5688018798828125
0.944854736328125
0.8419647216796875
0.6812744140625
0.3067779541015625
0.442352294921875
0.2894134521484375
0.07769775390625
0.6316680908203125
0.265045166015625
0.5659637451171875
0.88525390625
0.5903472900390625
0.397308349609375
0.3434906005859375
0.21331787109375
0.4796905517578125
0.073516845703125
0.5438690185546875
0.4212646484375
0.8465728759765625
0.778045654296875
0.3389739990234375
0.11846923828125
0.4878692626953125
0.245269775390625
0.1506805419921875
0.164306640625
0.4504547119140625
0.459564208984375
0.6508636474609375
0.66815185546875
0.0312042236328125
0.655303955078125
0.7613983154296875
0.9893798828125
0.7769927978515625
0.316864013671875
0.6541595458984375
0.73736572265625
0.4846954345703125
0.178619384765625
0.7510223388671875
0.771484375
0.2011871337890625
0.224945068359375
0.7238616943359375
0.20111083984375
0.2233428955078125
0.690216064453125
0.4945526123046875
0.3856201171875
0.0980377197265625
0.058807373046875
0.2349700927734375
0.93438720703125
0.6221466064453125
0.065093994140625
0.3669891357421875
0.706787109375
0.8425445556640625
0.693450927734375
0.5624847412109375
0.81219482421875
0.0561065673828125
0.178253173828125
0.7433319091796875
0.6099853515625
0.8097076416015625
0.003875732421875
0.0814056396484375
0.70953369140625
0.9002227783203125
0.904693603515625
0.9985809326171875
0.97021484375
0.3745269775390625
0.865081787109375
0.1667327880859375
0.50140380859375
0.5294952392578125
0.119415283203125
0.5077362060546875
0.6624755859375
0.9120025634765625
0.152069091796875
0.1934661865234375
0.06280517578125
0.3189239501953125
0.697418212890625
0.6457977294921875
0.561767578125
0.7971343994140625
0.739837646484375
0.5366058349609375
0.26873779296875
0.6435089111328125
0.513702392578125
0.7877655029296875
0.5430908203125
0.4049224853515625
0.503387451171875
0.5711517333984375
0.99420166015625
0.8782501220703125
0.443267822265625
0.3086395263671875
0.4814453125
0.1103668212890625
0.317718505859375
0.6721038818359375
0.11419677734375
0.3981475830078125
0.361114501953125
0.5834197998046875
0.2518310546875
0.2884674072265625
0.057830810546875
0.2144622802734375
0.50372314453125
0.5782012939453125
0.142242431640625
0.9871063232421875
0.729248046875
0.3142242431640625
0.598724365234375
0.5732269287109375
0.03778076171875
0.7934112548828125
0.661651611328125
0.8946990966796875
0.7886962890625
0.5626373291015625
0.815399169921875
0.1233978271484375
0.59136962890625
0.4187774658203125
0.794342041015625
0.6811981201171875
