0.34622844672029596
0.8155710480620609
0.929463810384174
0.4075675466350209
0.10760085452503143
0.3492018233120312
0.8727419420912881
0.6666406499963293
0.23446582709750863
0.7514132757673195
0.6714063363548145
0.426810842271356
0.743495408089724
0.3968466526830342
0.25098809261894517
0.7799262895387742
0.6369669191574953
0.15437355012998188
0.6695000458790992
0.23289113906186165
0.056511336644365695
0.020874803523925678
0.9054511558517867
0.9953280132963466
0.21511338621115383
0.07020476130957198
0.7528134950779923
0.5187611394339259
0.762909765853093
0.05377479513061156
0.44680891678417967
0.7925854494967839
0.6855006392135112
0.09551370263047587
0.7618202095234721
0.4976174997927142
0.20263414274911795
0.9387217589980023
0.7461061213729658
0.5906539007582204
0.7586998476906224
0.25876738150167833
0.526991261788834
0.9992527323974454
0.14478607334089766
0.2702371041422925
0.07323396741733701
0.18184009430168346
0.6427985753664204
0.12081384376982607
0.13295887902293801
0.9571622244161757
0.9236299608228554
0.04301186751284447
0.4937215184067242
0.7739565009446037
0.9993357473236125
0.09135021581609393
0.6119913944797299
0.15630634388943965
0.23475858017761142
0.74832044424253
0.015179267342856906
0.0016170033310931586
0.6435277116314342
0.10085487392861958
0.28707211533885024
0.12121520490747573
0.2913937472409811
0.6456068373232319
0.9730375061835402
0.23551504446506488
0.6358818022003528
0.6533767918447183
0.30846149139712287
0.7233197059809127
0.01917692778852864
0.6375949181598244
0.31302963858510935
0.8108742208701829
0.10706586057610301
0.5808420255557074
0.9017049136981075
0.35667552725186336
0.6311335858541339
0.10292343905616375
0.6148684587897053
0.870326643028459
0.9903458118548026
0.2945033441447903
0.2565102794766694
0.29229905905913
0.9545238362244719
0.6582238341180157
0.9949932180875058
0.05076301564164343
0.16646918733080374
0.6767555930154323
0.27151117594060215
0.690901124424371
0.021073711850441157
0.4251335876678466
0.6237298571873923
0.3128448673554719
0.10295677011507953
0.7790131785751415
0.9537444838787688
0.7725267097773475
0.8227950755339289
0.24491187993982055
0.032777829059488894
0.43021152790622874
0.1075619564717678
0.614980658449681
0.8951983521235448
0.9918499670550821
0.5125979186099512
0.46837213694760227
0.4736686719476366
0.9301679112873317
0.3825419309390773
0.0651868641239447
0.34453404553440425
0.2843605027990326
0.1314618411479499
0.5987243408340456
0.6000767066267855
0.0250050119816857
0.3593093517533249
0.6874454842914309
0.7726154591185531
0.5256344831955432
0.9206018486778573
0.6781150255954167
0.7555012548329638
0.5206472136758237
0.6750818191640299
0.8353648931350031
0.8533598022168486
0.5129102124698619
0.611098554972215
0.04557679994828068
0.4224079642878754
0.7039679830166141
0.9256861299479059
0.9047824854404872
0.9876253850157429
0.6891341239929939
0.3150595773428877
0.8866668290358083
0.050554970134275234
0.6559449500790389
0.15167727229570993
0.2982385325130176
0.35350059399421174
0.19987132285870768
0.8760993395723885
0.6892299100567574
0.2655567646672534
0.4992826888997378
0.9645801665764632
0.1726508235691666
0.03413468915461493
0.9398837282748992
0.43568832733486895
0.5652427212947196
0.9395028902043268
0.7687535283286626
0.09257069518351824
0.13704486799751114
0.8361687166228738
0.244365462371806
0.8520215873283772
0.10941400281010416
0.06438950878676375
0.7584898696391391
0.8384416660710128
0.20173356392841146
0.03297409753633074
0.8889653281432786
0.45927356074264303
0.14167315783795542
0.6573162114096602
0.8191950785310473
0.6745075381429813
0.4016356835474385
0.506932256204436
0.27606404258015216
0.34596905526588395
0.08971127079332553
0.08080894193212018
0.19053307665960628
0.1557666786492824
0.9118674042585342
0.01803695329577837
0.26163350035031996
0.5589466756516531
0.9274042099734358
0.10611012519017993
0.26714747069764755
0.04289081983301446
0.20988794551488332
0.024053770280112685
0.5870303367092066
0.11408408998233954
0.2611994372005535
0.4029613281881713
0.46313206558239417
0.6526528466025037
0.9591561289525833
0.6890901482363414
0.24538268931003204
0.5649129379872175
0.277301943250452
0.20252707634578193
0.8187755833868873
0.6552085259916893
0.33343317876168443
0.8674756398965301
0.050371088909451966
0.0861502649935647
0.8084721264797112
0.5786215564667966
0.2786580618074581
0.9557307420764286
0.5469584310845251
0.6955402921808596
0.7026746188241668
0.775358538105704
0.8786011187068407
0.1454250763383692
0.45094096496713143
0.36238962454032697
0.8965131925862532
0.0356887113485157
0.06430670778776981
0.9933221470908722
0.06091756401376791
0.19014543246929716
0.25017759844283816
0.1658582677779541
0.24672058388747953
0.42824815476486344
0.7067741966817099
0.0011140576803326807
0.8436986563752374
0.8495553901202504
0.5388587478026429
0.09811556783048192
0.6941556346490363
0.3703100267443161
0.45188869542395405
0.5055305880422258
0.6099916739381869
0.1505862682195691
0.2141405894211318
0.05251129680917277
0.4799159903682576
0.7154840927577972
0.6298678142128666
0.06086448366633179
0.7144969177186692
0.9216673810650532
0.6184662233021881
0.6143741004910506
0.0348561092985632
0.19847416613108892
0.6746842253648032
0.00877896078913043
0.6044676908145844
0.142266696668782
0.15544742812166767
0.3785328737802982
0.26686019233291325
0.43005465908659113
0.8135443756466598
0.6356250129315917
0.015422855271709834
0.36880664419031395
0.8982424348871687
0.06448750653737545
0.8722161894623639
0.38055667912407387
0.31838652884571284
0.21583095004187036
0.5780621295791531
0.8767970687296722
0.9616248804654788
0.035809729358539655
0.8299487749108476
0.27147131094613863
0.8377926786218086
0.7811229425235672
0.7989836891584362
0.77936983135515
0.5093864021997132
0.7327881054386194
0.4545610664215467
0.6082298135030513
0.3404035720671249
0.17589220624208135
0.3941013257236968
0.7501584432085693
0.8754273712491967
0.4646543388287544
0.6614932801578222
0.48012421487060875
0.9188635605397839
0.3856030329646435
0.37229692125963265
0.1465272188248694
0.9719225907776686
0.7265372642208767
0.6979188118767302
0.7070240551820168
0.39723661521173526
0.9423689161877377
0.9565922847699064
0.5165721543480635
0.8294809987701104
0.35027078980015547
0.6902953935092725
0.6399300459926673
0.6742275454696389
0.5692610885736419
0.992235046253155
0.0008206937750477872
0.8974946466117112
0.2010224815941103
0.5491264861010806
0.2979177960909384
0.9262954918828138
0.5230028257496333
0.7157335445246431
0.44636703367568953
0.4932741401855284
0.8173267544871231
0.45642876438769475
0.5487168281871567
0.6117199425704052
0.3679961261659773
0.8999897218018471
0.16398210530926838
0.2298486336094322
0.44194291737693947
0.8260061682364978
0.20695952804160656
0.024854385328731188
0.5231376593742846
0.06569612643730083
0.41172295647037327
0.2388383220920942
0.07079333197990656
0.5426098921173813
0.7480952581696078
0.514231570908546
0.9133771858609385
0.1775824494693682
0.8790449570934228
0.6045825123161305
0.9572365531030387
0.2778324262997963
0.17492401172033378
0.6327369394159537
0.6386256869908521
0.6763713696005496
0.2172316550814325
0.6656924043760011
0.23887770580429812
0.21101318426718707
0.8768507357316068
0.9148167236944876
0.447997851354221
0.10359474784797329
0.1746767374372632
0.6549139536597611
0.9516551050829459
0.7203699713921227
0.5314938543015636
0.06994563568328271
0.5094032769030099
0.6602959038132831
0.17844367965460672
0.8839294022772385
0.7043801304050863
0.5135622075325867
0.9570348789572238
0.6745718833550893
0.19551473156308208
0.6371787619760501
0.7499010741497141
0.17060581438641942
0.14779876102729417
0.9339669031825366
0.8253038610242108
0.5956642481240071
0.012416239512081817
0.7709678458597182
0.011956987737781866
0.7128725768500283
0.37256725037482674
0.11301555192315305
0.5964971100151507
0.910396475037109
0.34533887126418616
0.7504109306822925
0.11811782475530896
0.5461027108408569
0.34653159503851305
0.11964153231699104
0.7711231018370258
0.5543089177408634
0.40645996633745207
0.923443159566426
0.12528242451455274
0.9929454842636514
0.2747641891940268
0.8755572854759699
0.8115328568840577
0.18287479149303254
0.533761921798471
0.8245479325160138
0.6090854626798803
0.9800799198620529
0.6326290077205505
0.8433103362214389
0.9705115384982752
0.6755420065072775
0.645337964674346
0.7133060375103403
0.8175434453284147
0.6574904059364427
0.40842558737569623
0.6840278259936076
0.7953689913593021
0.26362553419469303
0.7084990721222751
0.731181922624811
0.3304216766390269
0.8855141803898465
0.8702807239560207
0.18400397339291596
0.3405634152578455
0.13043875532079263
0.07567657291410856
0.740532955979709
0.9445152360703059
0.13476620489399627
0.06654641676240791
0.23805705117945652
0.07285395744766121
0.4552975734826269
0.2504273972854708
0.437785482314317
0.6331810470635769
0.8148804060691582
0.45824006823254415
0.5035454338286136
0.3099986662810563
0.9298407115893994
0.28320594295813306
0.26832765367945877
0.9021372867674881
0.5743841471836454
0.2593642746548741
0.484770188119623
0.711889106816487
0.08147318656633873
0.3629966281965884
0.9062643192883203
0.2510492828429013
0.3921299058861425
0.5983459327052528
0.03544574367452613
0.5759473673845223
0.7497664733209349
0.633189681186157
0.16934449469900925
0.015942909176762554
0.47181168591832134
0.547147824326406
0.7168801855539233
0.4823676886796995
0.7583773911370435
0.3191829676924517
0.887783827470277
0.9719251089984476
0.0647076815700578
0.12037946498986962
0.6402330152940802
0.39744044639040776
0.9138719618208971
0.6989303274436546
0.5989348129811409
0.23195756419089542
0.5074459583311504
0.8695186510503761
0.32540297804655527
0.41931357612411446
0.8839644255451761
0.8503559713365073
0.3048553689462623
0.43904754094998344
0.9481592128337838
0.593668667706461
0.5718732835289003
0.9660008492665821
0.37805965280249365
0.07469859402268963
0.15468751311490747
0.687263730970773
0.11599887619081273
0.4898982353347072
0.5261743297587563
0.0572117122651129
0.24025918276947322
0.5859263092595137
0.16472884326733017
0.4179283390280537
0.7320190690883414
0.15553601156495345
0.8106641476682461
0.9784955718645351
0.32893072282749547
0.8210700168272818
0.47016423365577487
0.8573489837782158
0.9251309864775972
0.7370487703930734
0.6294110667258765
0.7406114325834491
0.7659007397363051
0.24225499233812742
0.43886583514814104
0.8071217993420405
0.8764374506806927
0.5236125547836511
0.5330787244370241
0.838099897334907
0.017827272599166055
0.7016749716773183
0.5194444417759247
0.8371196549914245
0.9466369242945593
0.1920692522705556
0.6552857042659112
0.09184048149286272
0.442016370726659
0.6315002790841475
0.9992734835064602
0.00530148977155509
0.17404333215859202
0.40762420495401386
0.2989501553783521
0.74426073481448
0.1010948752947125
0.3048723429137392
0.798669018881938
0.6548208544922077
0.12101495415263053
0.20761219589349555
0.7539076247625907
0.7243155563146029
0.018784106837602788
0.5817913922699374
0.6172169305141036
0.6002729838416833
0.5610290903465076
0.02915324157562571
0.6105845538601128
0.6621927271552536
0.848653545487638
0.943013925245097
0.8097591259590067
0.08554740524869553
0.4308310180163012
0.44229665419976805
0.2707468782726238
0.2558026311283257
0.31463439507989754
0.3951448783569065
0.6507054594289505
0.35339582231424915
0.6264802302143041
0.13013066445230348
0.756677069144497
0.9275756367441504
0.009703836527711784
0.5983862843294747
0.10558474149212183
0.34285008733874645
0.7532520789583282
0.7166649511085652
0.594755503800737
0.616467383297668
0.7763035848277348
0.10177485379189377
0.002748746399433899
0.6950247325857403
0.5185536825408574
0.3100846970876965
0.21954895792878848
0.5696332251194601
0.22808111697195632
0.6179183607357134
0.6940175510759232
0.7159946365745764
0.640736270627973
0.9352885549719789
0.5296713633328305
0.9938018213521839
0.10269263307901699
0.634894072006506
0.6393240652845168
0.9655149208423333
0.11366562117031087
0.15772938057135455
0.6110885603375366
0.45621491360018906
0.5566226117121946
0.0004898651013219846
0.28685293017157043
0.35613101338011033
0.893123050158984
0.6037329115254072
0.48606176630430453
0.20062869987174525
0.7824621903155566
0.7422235597689857
0.46509590775394183
0.14684312673068423
0.0038098253498618506
0.8507402236479112
0.8959407059591845
0.5642520639207702
0.22055712884536238
0.0790207971482556
0.1737689364932795
0.2437523067832802
0.9726373153049415
0.7964716033881177
0.807605641294089
0.5171642409567581
0.7612642778071215
0.20625639541747776
0.7299562383653484
0.3645935780285119
0.5389078059193751
0.6715388901045418
0.43203622795376806
0.1009162822039823
0.5942561043260263
0.8818969381485485
0.7994933805814268
0.02345691428033403
0.4951512618864048
0.6102973988205443
0.6142223126391265
0.03602315567053638
0.5392455188690395
0.2518092155845465
0.2765504787948764
0.9676045127551166
0.8374166000866025
0.8323212059405882
0.2539741577261049
0.4564172510995973
0.3233180626117407
0.5509823007729069
0.9746876848134848
0.8458153067899002
0.4991433462426055
0.6894510524652184
0.10517920585029605
0.8283984672948494
0.7972365259800098
0.8728453184851569
0.4406466244766365
0.5783582126490128
0.045269982816871446
0.627629289902244
0.7622660821370222
0.6025011190802987
0.7952965844487017
0.12906629780986423
0.9887109882431651
0.5611276153730255
0.3556831023835122
0.6170525573313507
0.4090450692123687
0.9527620373652776
0.8576982974526965
0.9710070512762856
0.08355920813829476
0.5494622710132591
0.3649788932145587
0.6780380207845567
0.14788552530400023
0.39657571212843046
0.5478348464154917
0.080871318464948
0.8253861168019138
0.13614053053161645
0.06982644276910877
0.39969507890155076
0.49047241126608454
0.9439134331804723
0.8711904769579719
0.26232392765189283
0.9202168681605074
0.9690216694626889
0.18499257760100696
0.18744782630131673
0.26497270436474984
0.006843987823771713
0.7369101166128309
0.7925160787714179
0.5889960550013373
0.7129758420461726
0.9863566574093747
0.7516622265074764
0.04420844807575275
0.33836312162644333
0.5476637315985962
0.5668721079441637
0.691872720046985
0.031544973314792335
0.6275878215357605
0.514084868539359
0.673386082012649
0.22468580696894258
0.5742663701355057
0.2170343335014272
0.32596828637263464
0.5108268565750989
0.3706320794764755
0.3126302871414256
0.5556494067958737
0.3343761615679576
0.9849574495818902
0.48563827470663157
0.5990271510191911
0.9437360609925035
0.7509287242056768
0.04043930044420441
0.8602637545404517
0.7478045231356075
0.7637206973644729
0.021843021833759746
0.6006541624955377
0.8028546282739809
0.3453895535173718
0.6291791918035404
0.3539595672930439
0.6813600728056098
0.02277074412533986
0.7703536715547908
0.15454122620629485
0.15931881373058787
0.5562420726036468
0.2789104982287476
0.9052912127174256
0.9497696975689184
0.691201282804733
0.6267582713258587
0.3996800599942596
0.47387473791020396
0.6009949843801495
0.17365740414004183
0.91259499987359
0.5911532367366206
0.47118750135896104
0.6215551029615092
0.7430176111006962
0.11623119971982543
0.40177335696896277
0.33219248008468405
0.9537431126239998
0.9775120264517375
0.5940242646675349
0.9674755715004295
0.5082016340193933
0.6223100132810435
0.5324615408990109
0.7858095991819024
0.9929777803816862
0.45417816989601945
0.8831958948686605
0.5706502338763372
0.06303142553687213
0.45530762740529596
0.7324384748660455
0.5523497051649316
0.1556066962716386
0.2239868625634105
0.3046255424609443
0.8209325550521374
0.5157195167263015
0.7993129625042011
0.13080792400465502
0.41956799020924906
0.697212241748154
0.16292780241003935
0.7387582356760206
0.39973178840719314
0.03734276508813217
0.5165362580777433
0.8701308016322603
0.1140006433903249
0.3367845847312664
0.11123929627678719
0.5255421118790174
0.2524677215153568
0.43105565763332665
0.29021988329074033
0.8169293781705979
0.712521429783871
0.44156925466265196
0.20884553910075654
0.9248954651375464
0.7469360757619242
0.7678439831512355
0.48456050109795035
0.3402293663722198
0.9270104329511939
0.7810573094749235
0.667522949850592
0.058432459077372934
0.15162987543251205
0.5541637975947314
0.44506845578225696
0.7349686698504297
0.9834750358932627
0.47014506615239704
0.1376655533020512
0.2661590064079955
0.17402208237589822
0.3311913588022898
0.17705933380165895
0.36772304782731147
0.5473051096314768
0.48027748540857773
0.9750107207572446
0.6533520992827809
0.6048139540913031
0.21136061673874584
0.33008733268783164
0.9192148612806398
0.6682626558202714
0.07911068743069816
0.32834084311933043
0.27386436412960125
0.5722570350477861
0.7752330255678184
0.9329384908495607
0.5293446799693079
0.08665126899933562
0.46243061274888986
0.30974704961008537
0.5001144555168989
0.9851643378884037
0.724817989987604
0.5784366281829625
0.9334199708329061
0.5822708264326917
0.41032797008152877
0.5616441144300297
0.04757529643379421
0.7150444793108733
0.36212460486638676
0.48627101436352405
0.2824775520644838
0.8132544278060616
0.15788597101365398
0.1617857013226086
0.4645430654542333
0.28928900353174547
0.9282461197019813
0.09038680439032964
0.6285798527570068
0.77068913656866
0.8915028928465479
0.5428112931915541
0.18752453661577717
0.5899758890462102
0.029190817546196124
0.5015394066589666
0.5768490948361485
0.8623787875685924
0.9727090852925511
0.028122613736002222
0.5306725510021875
0.3274334248265466
0.00843322033024907
0.9438017624185783
0.9417222785716515
0.08546039004899719
0.7364227669754145
0.8503370344782034
0.6032086504858345
0.33483753277599915
0.31951721625760987
0.6722369540008234
0.6755475568435749
0.20994990237195443
0.1746034264582106
0.7147532550644624
0.8511302427658405
0.41550609986408615
0.9991802215591058
0.9041516553604548
0.78347878880237
0.8868391474883552
0.5026369153284361
0.8192440986792436
0.1554412110575213
0.09129267934085805
0.1734118548938579
0.7592324335953557
0.06821232404130395
0.6720110116315587
0.0654205683769209
0.7692479894590024
0.7816413361152099
0.6917000132054673
0.12323143837078698
0.9866416153080844
0.3846212772321782
0.57820465202333
0.43271419343947715
0.4911910203078549
0.7194871697135041
0.8551215788456427
0.18285399431424731
0.7551431742995247
0.8310017746539702
0.6993044211953716
0.02116601431714782
0.03263761312175317
0.8677493763923735
0.05175982645584154
0.8989571070532261
0.8229386052436772
0.3286649595013985
0.9691708677186794
0.3596150908914396
0.49763279873448274
0.9632661426702039
0.7069451958886905
0.11086077473506528
0.28964265056151195
0.35124306805642747
0.990490475953263
0.19056947062755503
0.9514739001231537
0.7851064080215957
0.3288898736065643
0.20674376585565757
0.6180346039782944
0.6059526130416212
0.3268313862523333
0.4610783747507413
0.005910763142639386
0.1366786692906532
0.3218604027392309
0.2378316873857006
0.5712187269148649
0.7265097500478016
0.12810944992013773
0.9382292648002823
0.18756131758874395
0.4371618320682036
0.39672984417748514
0.5642656999793381
0.5223911574038593
0.8183995061983668
0.3567323526611901
0.6233901214634924
0.4708655942621667
0.23941227446674207
0.3586309643656843
0.7847526142238782
0.47344265587340106
0.7171669068294804
0.814753127627497
0.7243554393784848
0.7955161656635987
0.988477598447982
0.9010435082117564
0.3898829001482643
0.1755997485545343
0.8168508605846511
0.9945169333524823
0.898460788756762
0.012037247236852844
0.9472769602451118
0.7895341705618886
0.0853616045055523
0.7923895364512916
0.09154997036989254
0.885045557430229
0.5580696846386787
0.7311638407769717
0.43506385969305894
0.5218222843552641
0.19769967676223377
0.4053192976618164
0.010641373025712442
0.5936255943367306
0.3447843051237459
0.48996303316961176
0.5290130211099701
0.1497110763448064
0.6219604557174939
0.06246986275122579
0.05936946013559974
0.3398447053437095
0.491060097917034
0.03707908090520762
0.9130684898183135
0.7259671816209751
0.3590005854612841
0.5443758159180571
0.5830705180339582
0.09634854918795621
0.7252740392041216
0.15519492611886565
0.510111016424217
0.0602174850167968
0.37144138123682124
0.5246373177744936
0.6471533063486861
0.47847315735410645
0.5978613835492457
0.03160177830338606
0.3370190392285528
0.9082054802020368
0.23137318845650334
0.18224907067265605
0.7763202685876743
0.6870873873917351
0.1141533299930455
0.47570978180882195
0.8339402582037264
0.23130947719146155
0.18338605069021563
0.42072025828287973
0.8306898755566106
0.01450855310565946
0.15920605911092967
0.27117382247555855
0.5730314230147924
0.4137706270591177
0.0945271987041012
0.7260947244328777
0.008129105046197793
0.8743346047812408
0.6883078400083159
0.8949076695981546
0.05971436848320755
0.12400374015194982
0.7933660334970131
0.0973882995407066
0.5969864185434809
0.25676944841413596
0.8621045852330184
0.9798708538511223
0.2446532776697451
0.772076478100148
0.1183978477379779
0.4557663488407385
0.6177047374483141
0.9778209338330229
0.420942638289475
0.1637113016862719
0.7354158408305002
0.6442900353377765
0.37501018195675595
0.18821477207175985
0.17140458875341436
0.35669563948719873
0.1907718241770321
0.6484599498494674
0.9801814716449743
0.3087552176227807
0.7954890931102871
0.658085761926329
0.8491350061206341
0.06461348335625172
0.11042018613124693
0.3082153755246605
0.27304753290347894
0.9027815220110277
0.1380682373619021
0.6093019467621602
0.01282560200072913
0.15667527988713403
0.9007555698339713
0.12441731678474
0.4777997133765476
0.377145040430807
0.3560821143603222
0.13156883170281097
0.21911161023052006
0.9398483930825435
0.38363354204020517
0.8311243583977223
0.47273876172125384
0.9741459819972837
0.33325525382249366
0.9386823070086213
0.7845643151234141
0.4149847451021309
0.8304632164641186
0.2658975064185184
0.36448976257993493
0.37116994492405575
0.9932668041397732
0.923128947469475
0.04362988811355051
0.7435308266115253
0.8627593640659449
0.16316606683516888
0.25553309314623385
0.9632297719872425
0.9895081415668443
0.8895114037419479
0.8523154521818256
0.264571268221631
0.5803757718719963
0.9670345428477567
0.5420414974881461
0.05502379553529335
0.2461173132595177
0.8923802703649032
0.10232525648665314
0.16082508540816132
0.7949126560940595
0.4702881197253821
0.21872638086676022
0.200410733649941
0.9357994042739208
0.08393046798785953
0.17199801863058173
0.7343578357237074
0.45533117488040487
0.3849243253459832
0.20517468009672335
0.9957921027136567
0.4289637035493433
0.1588794157048573
0.7783502101594615
0.08388055816128659
0.23361855864020942
0.8776519979040361
0.5305346389939165
0.1022332792398889
0.9176096015073638
0.6926461309974054
0.14891700587974122
0.16375158472916795
0.20072003257184157
0.15691161824122002
0.4970710470981001
0.10170033755074182
0.3056247034517592
0.1709327908372097
0.03724379628002461
0.037853206766117364
0.36398491689537726
0.12291194301298491
0.4270111767930438
0.2516224324327402
0.00427546733234363
0.38443105555794277
0.15351721149044306
0.41715482736130216
0.31926850558068687
0.2180223778914867
0.504936268874892
0.6771148621841548
0.24069038828883027
0.48140285262592686
0.28576258729203785
0.3935494127914828
0.9664185128720673
0.2261447627631068
0.40270943164839024
0.13651194956267088
0.9370368680261465
0.1879771244470687
0.5096730285852524
0.15279342333205193
0.42680262052092166
0.35327881847125675
0.6487095861812457
0.43645058648735946
0.46347689738338416
0.30432851327840105
0.6299171214109889
0.8918476828532355
0.4808767621109382
0.6031106923214525
0.43389519873335036
0.987199446198121
0.6367471790332845
0.23411217255309635
0.34815061475573217
0.27397719168119017
0.9872396113429253
0.7833560871764488
0.28674195033908556
0.0018164334113465186
0.3523576600314442
0.6457051401530389
0.4163318527394638
0.34968980579568243
0.15484114566023544
0.8246117055340656
0.4607982454042152
0.9415343793042511
0.4923149885715241
0.225865984675645
0.9830838556232807
0.5451401242187114
0.8012237012725881
0.7990312998656027
0.15587907829896497
0.03247909032888563
0.8456498067409196
0.15885546444794785
0.6062625317609267
0.8691136006690237
0.13129710937567152
0.14714104803596673
0.1830932091433667
0.0923015503116299
0.4044094774047111
0.7981593786175063
0.19011834142895434
0.51157196211223
0.5886701158146368
0.21762237098483506
0.4728254962799293
0.09462952042883721
0.5720078940105124
0.023941288842422304
0.1110150665568268
0.3569130388211622
0.19283531852334967
0.07242612646748292
0.8299361255506496
0.497723493308173
0.797979483293853
0.184994710451321
0.3230598314007571
0.046101417252599974
0.23301007723048361
0.9412150533962736
0.6220509026564548
0.004272191510357848
0.7650198384062301
0.05062490083993498
0.885623517437265
0.9582682135929702
0.9812442007273462
0.6228772708350079
0.4611790152600981
0.8351356311278693
0.22710981220182025
0.7754223795443078
0.7492845539123677
0.2986180150785519
0.7316564301309015
0.859051141545679
0.27184090751527046
0.7457687875966119
0.9868923646639898
0.8848765270199006
0.3862892856792537
0.06970248978483262
0.5831067812431188
0.5622602394260077
0.25856617368372614
0.9949275050899995
0.0631806188198536
0.1393080278654616
0.9395334591666905
0.6353428541702256
0.12850107463065708
0.5171645518655841
0.8213876127899242
0.740189508622751
0.12263675351441516
0.10224242171223774
0.27986736470093243
0.006216115900441466
0.6861160022023861
0.34968692108764154
0.7328088338437567
0.06138913135795532
0.33407253415738347
0.12345591193533012
0.6353777215619336
0.4060104242570577
0.6585698040762372
0.5336301734592092
0.5845527623877996
0.8288280470546514
0.15647825369829782
0.23145871773011062
0.22851844490712792
0.13938381564745284
0.854211741945175
0.914419341102026
0.7570194518687103
0.14931734951908404
0.9667334747154969
0.5906204593615063
0.3209265963583756
0.42885532934484893
0.6424501990535674
0.580488965593841
0.13098868826438104
0.1278203311997269
0.542576103823605
0.5467429827127417
0.005615029558427409
0.2996382087765045
0.2899928890609613
0.9282166801519112
0.25544904108402655
0.9318185660689393
0.7496209009922238
0.8448260019402929
0.13392742050138706
0.8436978814229157
0.36587682400282007
0.19273011229315584
0.9617568510450143
0.40389194370225556
0.45123769947155723
0.7966075936845963
0.8532783716638609
0.19953397043813303
0.684584724575345
0.9705821748430999
0.14464183238647144
0.4287155108618157
0.6686230553920307
0.11918243044293242
0.6062713263250096
0.053560551766565045
0.3141759505373821
0.6727895060907615
0.3110587048687029
0.9527320914690308
0.5972581832525994
0.8083993676381404
0.5122710849138067
0.7861863034926412
0.3095030581311613
0.6316160245772496
0.6637848622205443
0.9809826429975732
0.4995623023600073
0.7126939284731417
0.6663281107328706
0.19384843783354755
0.11905414670405123
0.5162364374303935
0.94490108146822
0.5299638076796344
0.136013267406199
0.3680870642599148
0.16027861737087157
0.5073012431298228
0.6066271337548815
0.24514440734421605
0.45289583834353675
0.8365291530918918
0.9172104533469059
0.5620331802139332
0.41405582217315384
0.05257004817545918
0.1696543995017008
0.6816144780157282
0.2826376130505255
0.20358519803767205
0.223525940829168
0.046724304366240976
0.4795564912618714
0.6584367693466749
0.4850407624003258
0.7741361406083076
0.9175370733950359
0.15752760539109756
0.820968920017263
0.49407817569568147
0.9890766277691222
0.5833044508855074
0.5586904306237882
0.005467879841395296
0.12280602242839367
0.9091897407809
0.8823668565829701
0.21424365023402625
0.7306861405766292
0.7355506032914798
0.008417417225550339
0.28896921461005853
0.24285639841829143
0.8545820205227823
0.9909025822354643
0.939280730574072
0.9070435046438857
0.9874549434820109
0.6358574454969006
0.3377306068898491
0.3370406411751392
0.9318005475371378
0.3105839876972569
0.8043916891588656
0.10374482400563445
0.7983876461980968
0.24557402007052098
0.1947431043090736
0.9116136504191804
0.49327158976550933
0.9978773721148865
0.36564664235935984
0.1391410957411653
0.27719345782406346
0.7190220173622994
0.07499267241084717
0.9256272071942652
0.04354910488930541
0.2664225275753487
0.05255048231375459
0.1538615669845883
0.0868740937825363
0.11574840243145235
0.4648330712009556
0.9508483893151205
0.7189760755346596
0.5803518945202878
0.5232367607469595
0.7854143094784635
0.1096117263672568
0.5400012122302932
0.945138694469675
0.8265249988165498
0.11626307779802025
0.9066136763042947
0.2568669213912914
0.1881881739293627
0.9359478030569721
0.34945186141291773
0.30746870187295083
0.5808423263601789
0.6422152534453923
0.5995008448266396
0.946956588286226
0.6415352847122002
0.5062747666498552
0.48541984110211733
0.17157442904936016
0.46396954190929984
0.5067698511724884
0.28083750829120424
0.7938723305180994
0.42832432789636754
0.40370652509565663
0.5444966839134484
0.4267622903497593
0.04728114976050035
0.5341022879401006
0.7099537407187649
0.10312505587020904
0.1801747229874343
0.3327665701867315
0.4758163047553211
0.29612866257356396
0.6220845898185938
0.8156861112081027
0.010682461149517097
0.5299550685650437
0.6312094636842995
0.7984385842304246
0.5334524113598772
0.0032527701990936464
0.8652631800941099
0.9385303646661338
0.503933187242721
0.8373176147945448
0.161315907626419
0.45117475648246164
0.16674403482654954
0.25759966436100434
0.9946935781572995
0.15681253389787753
0.1606959312755719
0.8367920683288005
0.9055971939100024
0.4372820314830044
0.447263548198074
0.3944958127707474
0.17219392759341723
0.4849396845307755
0.46437234642394576
0.7472504761719034
0.4246931546099787
0.9872860130663622
0.9704588496053579
0.658379226686923
0.7909242423728181
0.3195697181587641
0.9604829305819099
0.9669276466109834
0.9694739423632637
0.861258553194405
0.21016522143931848
0.9423453083852029
0.8931697393801892
0.748432514089214
0.9407227884733925
0.6980717643463454
0.5138254164375703
0.22786869815798572
0.01394554145326099
0.5124219160425753
0.4870394701798383
0.5303639282528915
0.4705415723556138
0.6138343094435741
0.016807960877783912
0.8562287213605392
0.5808237911834058
0.7033696682422497
0.6556454126915633
0.8192858923725583
0.6031981070638885
0.5502624759857337
0.3179061102929712
0.27849661627078526
0.022711798059954935
0.209364456011089
0.8167901072452518
0.27931684687621117
0.34143318201016937
0.17988422322231268
0.9716502661194006
0.32993574943979653
0.4014130296775478
0.4777941952346566
0.027301529504091038
0.05825049768774693
0.31177416300344907
0.11516589319347759
0.24951782068737383
0.7461439081048984
0.3201558049813982
0.3382716077277217
0.9539179789578798
0.4590950302158415
0.24610835051906632
0.23703945096741863
0.6399316999910099
0.13243618586392936
0.18100707537676786
0.026516688925129928
0.8126147214243467
0.05665696338754744
0.3379154832763235
0.49508827369380826
0.49564741103992893
0.25781064863809566
0.6917125693054236
0.6004925875198639
0.21476776614779647
0.7405893989706984
0.33220636038304374
0.9182502704548856
0.9897070810816067
0.7523045069746168
0.1474585391020592
0.3837019237735916
0.41511145656433046
0.40793879767359276
0.5147350852260567
0.10509025174945863
0.8779231575451428
0.38164024548305464
0.7416312060838027
0.4634049668041076
0.17711331237875805
0.2323316526524406
0.5987951332417715
0.07168110104481784
0.7803635958788
0.1889499269174586
0.38917729081536134
0.9373845745499271
0.3485845835852365
0.4682318877945897
0.8920773773529818
0.8346422999292854
0.6264395658546265
0.26354514255857664
0.6075280409048599
0.0024543108438045413
0.541949376868035
0.8621798047318622
0.6176241977001447
0.6066760390553336
0.4906972433590753
0.6571606681617466
0.8819702220673433
0.565817774173134
0.6516102757202504
0.4782504157658607
0.647364474472497
0.5729916015309552
0.8332080152115829
0.2513524648405945
0.006041163400603344
0.8129375026289307
0.4070365937933643
0.46467792080603976
0.5775772314722175
0.5049124697692082
0.8291960472848807
0.8178171231180852
0.5496261443127298
0.4142081613000065
0.7702559863369524
0.23357144491888437
0.9131124153503927
0.2783618805284538
0.46950682337644556
0.26489152649999337
0.5994766939686216
0.8479990973845486
0.6884665096577519
0.5468687858860459
0.6706939373990211
0.5470367990411559
0.7544354280229946
0.07760606633456679
0.27586332326566676
0.4101174135189054
0.3384226614560133
0.29403406360359163
0.23058736331582885
0.21691103423200586
0.8083459626306977
0.8728225797187897
0.16003381139613848
0.28255918778386824
0.9335212387216539
0.39029502918334846
0.7453704706831301
0.6260692625435137
0.5590955292983847
0.3416136411568371
0.622455423637598
0.3518759086908396
0.8045304185228027
0.09715719074100582
0.6937570340092865
0.8299581651859426
0.5095676441126088
0.5285246455705686
0.015502639272402918
0.41709064045353605
0.3568543084613053
0.7812483480404833
0.46025285608020383
0.7330055553143896
0.7973379669185272
0.10037619538477127
0.1257325792123899
0.8166101928347577
0.2944508367610976
0.12967847644956865
0.5763126542633247
0.09959748062500129
0.7652500018444401
0.7864328939024933
0.42359550124415024
0.9114464225667517
0.9074878230110615
0.8491715317227123
0.8789532553202674
0.9011683708537043
0.34932297614899965
0.7297211988637399
0.7970027768531367
0.9964540457155787
0.6148630818344978
0.9883747122251969
0.8305374611433142
0.960314462057407
0.5704127592634975
0.9984745470836197
0.27304368781621513
0.7953506915283546
0.4516968476452823
0.8072946125489009
0.2453517188404437
0.5734245493145923
0.31407483352340826
0.10253908076739249
0.7547844589542324
0.2571633808744972
0.020100839956938454
0.6377898066469293
0.11139701810831337
0.6658227206543678
0.7717702995907728
0.07240563491008922
0.2967795719821523
0.4401022521791863
0.9280701135620784
0.851245543754131
0.26247137508171037
0.021651690590474337
0.12079127516169097
0.5091777190920902
0.18130588454822494
0.5859453479979965
0.20920634865428034
0.008078463190443697
0.3357272850584718
0.9487765237516681
0.8472143607858119
0.46496241531868
0.8598461922461127
0.5841546791493654
0.38106316541816665
0.6467746406637317
0.6905788339839309
0.15589688586999584
0.1286772868983722
0.6389730121927825
0.14311848239977532
0.1414667475269329
0.6080265305629514
0.01903333166939669
0.3650896842604554
0.4307665287948016
0.7963495059305383
0.2596623712413283
0.4547715121843985
0.6372159665033891
0.530973796582276
0.9803989152377902
0.5215293310160035
0.5376331083427223
0.3771660323441026
0.48958254406184054
0.5741473896552609
0.1885204072220087
0.4801030145101779
0.49697652525581737
0.7159116524732454
0.5769440237726959
0.36131570860373796
0.5953678300373029
0.9242574289791977
0.2613511613288104
0.8809977581444087
0.5376203087152449
0.004012636522429447
0.7489507591512153
0.9464994144008673
0.8829813809311216
0.016208480873342257
0.7498439909466549
0.5438671781751607
0.6036527376569317
0.542702879290674
0.8538225672675549
0.8523110264081867
0.23307609489046144
0.6170429322511839
0.8336677138400631
0.4516355023108515
0.17079314786874644
0.39511405351912265
0.7271716800463552
0.5302204588260587
0.43078157315606325
0.3432963209618609
0.8183036300607133
0.14680096289278577
0.26361131393098725
0.03224924888716374
0.3441045403826615
0.3077510691554458
0.7308470387562002
0.6392482934376342
0.12865177246972614
0.29530633770822734
0.877794669176687
0.05795219025463394
0.7108463802486353
0.28129471222936286
0.49287373092915
0.04749107946619724
0.3642175812895053
0.09728165939873357
0.588488923120883
0.35983314383033105
0.4895163948788238
0.4796030843045417
0.5868487137610559
0.7061995450012396
0.3273866232285091
0.8874531477497327
0.4144923983804363
0.027654089379395952
0.010483725829197432
0.8050980145917666
0.7939827741385261
0.15181389852209792
0.18689036038989737
0.735706088324173
0.0024140157752903235
0.4908772972330906
0.3148260691141245
0.9569245746302167
0.11771449997196537
0.37804765568020715
0.43096686129517225
0.2036936566691674
0.3576624592743505
0.5634212552546523
0.5066191985889142
0.6413810121640456
0.6641069179316907
0.41464561732597394
0.5169449416195899
0.7493037788176309
0.2188348338198457
0.6891591924900765
0.049980349823443904
0.5251989628158131
0.37575779531737774
0.07328835456629557
0.6200151196703394
0.7757815806444712
0.8843060883595537
0.7874638452212911
0.1704955189788916
0.04849477658777335
0.4638023217128219
0.8150471078840636
0.8243213430317293
0.6233891868551541
0.6661396082929235
0.924396352014509
0.8286661527441566
0.028743471480743188
0.9296502898282288
0.12677293502558673
0.8564548209783378
0.431542403348104
0.3447610971653001
0.45509296621041195
0.3038229532546861
0.6632151669832952
0.8429064117919304
0.16847713037949152
0.20172315913783
0.5167223195568786
0.15521603064177125
0.7860062284603544
0.34090113490308016
0.6505549366853588
0.4525634669073991
0.21673664137601256
0.7279744817490029
0.921367117199512
0.5414490279133587
0.6967926012145423
0.1423227818245444
0.8480050498715094
0.7788865869907828
0.9069677828684671
0.22999776120176718
0.5125368765260535
0.5060137111865752
0.5637819796904301
0.5704637607351098
0.46271326266442825
0.7872885159720172
0.7254162698249016
0.40930088489439753
0.07276809619897762
0.607084617981368
0.7879933477696414
0.520735432200447
0.9077222022775725
0.7747045197551308
0.9640356804802077
0.6655278605933034
0.7183928314054857
0.8526171501247642
0.44727920163107715
0.7566123982855002
0.04841998674303616
0.884518033110067
0.016847911730001996
0.7175877809566594
0.8350626530397406
0.09910842042503454
0.424920787706637
0.6750752639509064
0.7281642296559916
0.9609294398378215
0.28457399905735403
0.3310402114608404
0.06203017591931448
0.9460739381039369
0.20428288250126392
0.36872750732694803
0.7800147860896725
0.5968939369157041
0.672404308472506
0.9208931770993767
0.3448281330823174
0.7210552461143376
0.05967264821539209
0.09427288105997067
0.4270481596568251
0.43200656561830875
0.49472895845862497
0.2398246162022375
0.06771259387993045
0.25360232431014285
0.34987421148933906
0.6576827947054386
0.9897772089665503
0.05827951555425437
0.16802644398469768
0.8588189151125408
0.6940964113602018
0.8451512537298796
0.22308374519278984
0.3571964137043824
0.30913864404504454
0.4276349664006719
0.7468388323619046
0.9437288672912156
0.4477469179009681
0.7146891796452569
0.07993295827566249
0.0003600862812164207
0.410959073942452
0.19627733953871773
0.3865736719115145
0.9235491350733931
0.46358820999253103
0.23182264241405337
0.315404170139886
0.9065391149260195
0.585310646021709
0.7974354392614806
0.3331982665859212
0.8233042683356321
0.4464878574444282
0.47493231207964715
0.6332059384987192
0.9985792297597099
0.49052522851745484
0.676877672259544
0.815241559113992
0.6663400408654744
0.432807930303134
0.3034045359877473
0.7867056081561151
0.6452405369455759
0.3554866995799493
0.5627881181760374
0.3974032271255189
0.9657112352398074
0.22752833261753236
0.8952201452144384
0.8728419426805072
0.23348579241767542
0.8290391580241809
0.27057674071175075
0.0007854554856457918
0.6775967139579747
0.7524417750725919
0.5216289192827925
0.0579646712809615
0.6879745012865089
0.8327510849263622
0.7493667851130515