0.4821
0.1934
0.8472
0.0319
0.6284
0.9152
0.3741
0.5508
0.7823
0.1296
0.6945
0.4012
0.8837
0.2561
0.5173
0.0948
0.7315
0.9624
0.3489
0.612
0.1874
0.8562
0.4239
0.0715
0.5983
0.9341
0.2678
0.7104
0.3892
0.8045
0.1456
0.6729
0.4981
0.0237
0.8694
0.315
0.7583
0.5412
0.9806
0.2147
0.6395
0.4078
0.8761
0.1034
0.5289
0.7912
0.3645
0.9428
0.0581
0.6853
0.2419
0.8176
0.4732
0.1695
0.7028
0.9254
0.3567
0.5891
0.0843
0.647
0.4198
0.8352
0.2784
0.7619
0.1345
0.992
0.5063
0.3287
0.8841
0.0476
0.6738
0.2195
0.795
0.4613
0.1528
0.9084
0.3872
0.6249
0.0916
0.7435
0.2801
0.8597
0.5364
0.178
0.6902
0.4256
0.9731
0.3118
0.8265
0.0649
0.5823
0.7147
0.249
0.9382
0.4956
0.1203
0.6674
0.3789
0.8415
0.0158
0.5532
0.7894
0.2341
0.9167
0.448
0.1825
0.6059
0.8723
0.3396
0.7061
0.0794
0.5248
0.968
0.2913
0.8137
0.4672
0.1409
0.6895
0.3524
0.9271
0.0368
0.5743
0.8016
0.2635
0.7489
0.4152
0.1987
0.632
0.9546
0.3812
0.8659
0.0973
0.5108
0.7254
0.2861
0.9497
0.432
0.1645
0.6782
0.3991
0.8304
0.0512
0.5967
0.773
0.2286
0.9043
0.4719
0.1158
0.6502
0.3234
0.8876
0.0829
0.5461
0.7198
0.2753
0.9315
0.4568
0.1704
0.6139
0.8492
0.3607
0.7981
0.0275
0.5614
0.9758
0.2082
0.8226
0.4893
0.137
0.6617
0.3445
0.9109
0.0736
0.538
0.7654
0.2521
0.8937
0.4185
0.1852
0.6429
0.9873
0.3076
0.752
0.0418
0.5791
0.8364
0.2948
0.9582
0.4427
0.1263
0.697
0.3715
0.8603
0.0607
0.5149
0.7806
0.2392
0.9218
0.4651
0.1589
0.6274
0.879
0.3341
0.7365
0.0194
0.5857
0.9451
0.2176
0.8079
0.4932
0.1085
0.6753
0.358
0.9014
0.0892
0.5698
0.7421
0.271
0.8536
0.4379
0.1743
0.6095
0.9638
0.3217
0.7842
0.0546
0.5213
0.8965
0.2468
0.9701
0.4049
0.1317
0.6836
0.3924
0.828
0.0385
0.5492
0.7679
0.2834
0.914
0.4786
0.1612
0.6368
0.8447
0.3693
0.7125
0.0961
0.5724
0.9398
0.2249
0.8193
0.451
0.1478
0.6582
0.3837
0.8905
0.0684
0.5037
0.7762
0.2594
0.9527
0.4291
0.1916
0.618
0.8814
0.3172
0.7459
0.0243
0.591
0.9775
0.2038
0.8389
0.4634
0.1197
0.6701
0.3378
0.9236
0.0769
0.5345
0.7938
0.2652
0.8621
0.4127
0.1804
0.6453
0.984
0.3419
0.7286
0.0491
0.5663
0.8748
0.2985
0.9472
0.4356
0.154
0.6927
0.3662
0.8164
0.0875
0.5186
0.7593
0.2317
0.9068
0.4871
0.1239
0.6215
0.8519
0.3764
0.7083
0.0112
0.5776
0.9324
0.2435
0.8247
0.4598
0.1661
0.664
0.3957
0.8982
0.0623
0.5429
0.7871
0.2736
0.9605
0.4208
0.1394
0.6072
0.8863
0.3139
0.739
0.0337
0.5948
0.9561
0.2114
0.8327
0.4753
0.1052
0.6879
0.3468
0.9185
0.0708
0.5264
0.763
0.2889
0.8574
0.4442
0.1769
0.6307
0.9902
0.3546
0.7219
0.0435
0.5802
0.8687
0.2223
0.9406
0.4915
0.117
0.6559
0.3804
0.8091
0.0938
0.5312
0.7507
0.2618
0.9293
0.469
0.1426
0.6163
0.8705
0.332
0.7049
0.0294
0.5638
0.9657
0.2371
0.8114
0.4856
0.1563
0.676
0.3629
0.9038
0.0569
0.5481
0.7785
0.2962
0.843
0.4173
0.1897
0.6384
0.9819
0.3265
0.7341
0.0662
0.5875
0.8924
0.2067
0.9508
0.4391
0.1284
0.6993
0.3732
0.8256
0.0801
0.5127
0.7714
0.2483
0.9126
0.4839
0.1492
0.6251
0.864
0.3498
0.7172
0.0175
0.5709
0.9373
0.226
0.8372
0.4605
0.1638
0.6804
0.3901
0.8897
0.0743
0.5398
0.7965
0.2697
0.9672
0.4146
0.1839
0.6034
0.8581
0.3298
0.7413
0.0456
0.5923
0.9794
0.2152
0.8038
0.477
0.1135
0.6685
0.3503
0.9201
0.0676
0.5239
0.7562
0.2815
0.8463
0.4468
0.1721
0.6487
0.9958
0.3384
0.727
0.0352
0.5836
0.8809
0.2547
0.9435
0.4274
0.1351
0.6912
0.385
0.8148
0.0989
0.516
0.7683
0.2334
0.9075
0.4703
0.1509
0.6198
0.8556
0.3671
0.7004
0.0218
0.5752
0.9308
0.2406
0.8291
0.4537
0.1683
0.6629
0.3974
0.8953
0.0637
0.5446
0.785
0.2779
0.9641
0.4225
0.1338
0.6103
0.888
0.3195
0.7378
0.0402
0.5971
0.9716
0.2099
0.8345
0.4792
0.1074
0.686
0.3431
0.9173
0.0725
0.5297
0.7618
0.2924
0.8501
0.4416
0.1752
0.6349
0.9885
0.3573
0.7236
0.0478
0.5819
0.8763
0.2205
0.9489
0.4338
0.1216
0.6987
0.3771
0.8213
0.0854
0.5111
0.7749
0.245
0.9252
0.4667
0.1576
0.6232
0.8674
0.3359
0.7158
0.0139
0.5684
0.9415
0.2293
0.815
0.4882
0.1443
0.6778
0.3612
0.9056
0.0531
0.5517
0.792
0.2681
0.8614
0.419
0.1878
0.6405
0.9832
0.3247
0.7473
0.0374
0.5868
0.899
0.2051
0.9573
0.4367
0.125
0.6954
0.3886
0.8271
0.0787
0.5175
0.7546
0.2509
0.9194
0.4813
0.1627
0.615
0.8787
0.3472
0.7189
0.0261
0.5739
0.9356
0.2388
0.831
0.4574
0.1718
0.6693
0.3938
0.8919
0.065
0.5372
0.7834
0.2792
0.9698
0.4161
0.1813
0.6017
0.8635
0.328
0.7324
0.0528
0.5906
0.974
0.2135
0.8062
0.4745
0.1119
0.6718
0.3486
0.9287
0.0693
0.5271
0.7605
0.287
0.8485
0.4497
0.1736
0.6469
0.9941
0.3402
0.7298
0.0325
0.5843
0.8826
0.2578
0.9458
0.4259
0.1368
0.693
0.3823
0.8182
0.0954
0.5134
0.7701
0.2369
0.9092
0.4728
0.1534
0.6207
0.8538
0.3654
0.7032
0.0203
0.5785
0.9269
0.2422
0.8273
0.4521
0.1654
0.6657
0.396
0.8975
0.0618
0.5413
0.7888
0.2721
0.9626
0.4242
0.1381
0.6089
0.885
0.3164
0.7407
0.0396
0.5932
0.9598
0.2187
0.8359
0.4768
0.1067
0.6843
0.3452
0.9156
0.0754
0.5328
0.7647
0.2853
0.8557
0.443
0.1775
0.6331
0.9868
0.353
0.7202
0.0463
0.5827
0.8712
0.2239
0.9515
0.4312
0.1184
0.6961
0.3758
0.8239
0.0862
0.5197
0.7578
0.2476
0.9245
0.4681
0.1559
0.6224
0.8691
0.3335
0.711
0.0167
0.5651
0.9432
0.2278
0.8167
0.487
0.146
0.6795
0.3647
0.9021
0.0552
0.55
0.7819
0.2979
0.8412
0.4188
0.1884
0.6373
0.9803
0.3259
0.7356
0.0655
0.5894
0.8941
0.2074
0.953
0.4385
0.1271
0.6976
0.3729
0.8268
0.0817
0.5142
0.7728
0.2497
0.9113
0.4822
0.1487
0.6268
0.8653
0.3512
0.7165
0.0182
0.5726
0.9387
0.2253
0.839
0.4619
0.1621
0.6821
0.3917
0.8879
0.0772
0.5361
0.7952
0.2704
0.9685
0.4132
0.1827
0.6048
0.8596
0.3315
0.743
0.0441
0.5917
0.9781
0.2168
0.8054
0.4783
0.1126
0.667
0.3519
0.9224
0.0689
0.5255
0.755
0.2829
0.8478
0.4453
0.1708
0.6472
0.9975
0.3397
0.7281
0.034
0.5855
0.8796
0.2563
0.9421
0.4287
0.1343
0.6908
0.3864
0.8135
0.0972
0.5153
0.7695
0.2351
0.9087
0.4716
0.1523
0.6184
0.8542
0.3689
0.7017
0.0229
0.5768
0.9295
0.2418
0.8286
0.455
0.167
0.6635
0.3982
0.894
0.0642
0.5437
0.7865
0.2764
0.9659
0.4211
0.1325
0.6118
0.8872
0.318
0.7383
0.0415
0.5986
0.9729
0.2086
0.8331
0.4807
0.1089
0.6852
0.3426
0.916
0.0712
0.5283
0.7629
0.2911
0.8516
0.4402
0.1747
0.6355
0.9897
0.3561
0.7248
0.0485
0.5809
0.8751
0.2217
0.9475
0.4323
0.1208
0.6999
0.3764
0.8227
0.0841
0.512
0.7736
0.2464
0.9268
0.4659
0.1568
0.6247
0.8682
0.3347
0.7142
0.0146
0.5696
0.9401
0.2285
0.8179
0.4867
0.1455
0.6789
0.3601
0.9042
0.0544
0.5529
0.7907
0.2673
0.8601
0.4178
0.1865
0.6418
0.9825
0.3236
0.746
0.0387
0.5879
0.8977
0.2043
0.9562
0.4374
0.1242
0.6942
0.3875
0.8289
0.0799
0.5188
0.7533
0.2514
0.9181
0.4802
0.1614
0.6164
0.8775
0.346
0.7197
0.0273
0.5747
0.9343
0.2395
0.8302
0.4586
0.1729
0.6681
0.3925
0.8931
0.0664
0.5385
0.7821
0.2804
0.9687
0.415
0.1802
0.6029
0.8623
0.3271
0.7337
0.0515
0.5914
0.9753
0.2146
0.8075
0.4734
0.1107
0.6729
0.3473
0.9275
0.0706
0.5262
0.7594
0.2863
0.8497
0.4485
0.1741
0.6457
0.993
0.3415
0.7289
0.0333
0.583
0.8838
0.2589
0.9446
0.4267
0.1359
0.6921
0.3835
0.817
0.0963
0.5147
0.7712
0.2378
0.9105
0.4739
0.1545
0.6219
0.8526
0.3667
0.7021
0.0212
0.5796
0.9281
0.2433
0.8261
0.4533
0.1666
0.6648
0.3969
0.8964
0.0629
0.5424
0.7877
0.2732
0.9638
0.4231
0.1373
0.6098
0.8861
0.3175
0.7396
0.0408
0.5941
0.9705
0.2107
0.8349
0.4779
0.1078
0.6872
0.344
0.9168
0.0737
0.5309
0.7638
0.2935
0.8527
0.4423
0.176
0.634
0.9891
0.3553
0.7225
0.0471
0.5816
0.8759
0.2227
0.9498
0.4345
0.1223
0.6978
0.378
0.8204
0.0869
0.5102
0.7758
0.2441
0.9237
0.4678
0.1585
0.6241
0.8665
0.3368
0.7133
0.0151
0.5673
0.9426
0.2302
0.8142
0.4891
0.1437
0.6769
0.3621
0.9067
0.0524
0.5538
0.7931
0.2665
0.8627
0.4201
0.1856
0.6396
0.9845
0.3228
0.7482
0.0366
0.5886
0.8983
0.2032
0.9551
0.4358
0.1261
0.6963
0.3897
0.825
0.0828
0.5164
0.7567
0.252
0.9205
0.4824
0.1606
0.6141
0.8798
0.3483
0.7176
0.025
0.575
0.9367
0.2376
0.8323
0.4562
0.1706
0.6704
0.3949
0.8908
0.0671
0.5369
0.7845
0.2783
0.9707
0.417
0.182
0.6008
0.8644
0.3291
0.7315
0.0537
0.5897
0.9731
0.2126
0.8086
0.4756
0.111
0.6738
0.3495
0.9264
0.0717
0.5243
0.7614
0.2882
0.8474
0.4508
0.1725
0.648
0.995
0.3391
0.7307
0.0314
0.5849
0.8817
0.2569
0.9467
0.4248
0.1379
0.6939
0.3814
0.8191
0.0945
0.5125
0.7719
0.2358
0.9116
0.4719
0.1517
0.6228
0.8549
0.3643
0.7041
0.0221
0.5777
0.9278
0.2413
0.828
0.4542
0.1675
0.6651
0.3951
0.8986
0.061
0.5435
0.7899
0.2712
0.9617
0.4253
0.139
0.6078
0.8841
0.3155
0.7416
0.0427
0.5921
0.9607
0.2198
0.8368
0.4787
0.1058
0.6834
0.3461
0.9147
0.0763
0.5337
0.7656
0.2844
0.8566
0.4419
0.1784
0.6322
0.9859
0.3541
0.7213
0.0454
0.5838
0.8723
0.2248
0.9524
0.4303
0.1195
0.6952
0.3749
0.8248
0.0853
0.518
0.7589
0.2485
0.9254
0.4699
0.157
0.6213
0.8702
0.3326
0.7101
0.0178
0.5662
0.9443
0.2269
0.8158
0.4859
0.1451
0.6806
0.3638
0.9012
0.0563
0.5511
0.7808
0.2988
0.8403
0.4197
0.1873
0.6382
0.9812
0.327
0.7347
0.0646
0.5883
0.895
0.2063
0.9541
0.4396
0.128
0.6985
0.3738
0.8259
0.0808
0.5133
0.774
0.2475
0.9135
0.4831
0.1498
0.6259
0.8631
0.3503
0.7154
0.0191
0.5717
0.9396
0.2244
0.8381
0.461
0.163
0.6812
0.3908
0.8888
0.0781
0.5352
0.7943
0.2715
0.9676
0.4141
0.1836
0.6039
0.8605
0.3306
0.7421
0.045
0.5908
0.979
0.2159
0.8047
0.4774
0.1137
0.6679
0.351
0.9233
0.068
0.5246
0.7559
0.2838
0.8469
0.4462
0.1717
0.6463
0.9966
0.3388
0.7272
0.0349
0.5846
0.8805
0.2554
0.943
0.4278
0.1353
0.6917
0.3855
0.8144
0.0981
0.5162
0.7686
0.234
0.9079
0.4708
0.1512
0.6191
0.8551
0.3678
0.7009
0.0223
0.5759
0.9304
0.2411
0.8298
0.4546
0.1688
0.6638
0.398
0.8949
0.0633
0.5442
0.7856
0.277
0.9647
0.422
0.1334
0.6109
0.8884
0.3191
0.7374
0.0406
0.5977
0.972
0.2095
0.8338
0.4796
0.107
0.6865
0.3435
0.9177
0.0721
0.5292
0.7623
0.292
0.8507
0.4411
0.1756
0.6344
0.9888
0.3567
0.7241
0.0475
0.5812
0.8768
0.2211
0.9482
0.4332
0.1212
0.699
0.3775
0.8218
0.0847
0.5116
0.7743
0.2455
0.9259
0.4672
0.1581
0.6237
0.8679
0.3353
0.7148
0.0142
0.5689
0.9419
0.2298
0.8154
0.4886
0.1448
0.6783
0.3616
0.9051
0.0535
0.5522
0.7915
0.2677
0.8608
0.4184
0.187
0.6412
0.9836
0.3241
0.7467
0.0379
0.5873
0.8986
0.2047
0.9568
0.437
0.1246
0.6948
0.3881
0.8276
0.0792
0.5171
0.7541
0.2504
0.9188
0.4807
0.1622
0.6155
0.8781
0.3466
0.7193
0.0267
0.5744
0.9351
0.2391
0.8306
0.4579
0.1723
0.6687
0.3932
0.8924
0.0656
0.5378
0.7827
0.2797
0.9693
0.4155
0.1808
0.6023
0.8629
0.3276
0.733
0.0521
0.5911
0.9746
0.214
0.8068
0.475
0.1114
0.6723
0.348
0.9281
0.0699
0.5267
0.76
0.2869
0.849
0.4491
0.1731
0.6465
0.9936
0.3408
0.7294
0.0329
0.5839
0.8832
0.2584
0.9452
0.4263
0.1364
0.6926
0.3829
0.8176
0.0958
0.514
0.7707
0.2374
0.9099
0.4734
0.154
0.6213
0.8532
0.366
0.7027
0.0207
0.579
0.9274
0.2428
0.8267
0.4527
0.166
0.6653
0.3965
0.897
0.0624
0.5419
0.7883
0.2727
0.9632
0.4237
0.1376
0.6094
0.8856
0.3169
0.7402
0.0401
0.5937
0.9702
0.2192
0.8354
0.4773
0.1063
0.6848
0.3446
0.9152
0.0748
0.5323
0.7643
0.2849
0.8552
0.4426
0.1771
0.6336
0.9864
0.3536
0.7208
0.0459
0.5822
0.8718
0.2234
0.951
0.4308
0.1189
0.6957
0.3754
0.8234
0.0858
0.5193
0.7573
0.2471
0.924
0.4687
0.1564
0.6219
0.8697
0.333
0.7116
0.0163
0.5657
0.9438
0.2274
0.8163
0.4876
0.1444
0.6799
0.3643
0.9017
0.0558
0.5506
0.7814
0.2984
0.8408
0.4193
0.1869
0.6378
0.9808
0.3264
0.7352
0.0651
0.5889
0.8946
0.2057
0.9536
0.439
0.1276
0.6981
0.3734
0.8264
0.0813
0.5137
0.7734
0.2481
0.912
0.4827
0.1493
0.6264
0.8647
0.3507
0.716
0.0187
0.5721
0.9392
0.2249
0.8386
0.4615
0.1626
0.6817
0.3913
0.8883
0.0777
0.5357
0.7948
0.2709
0.9681
0.4137
0.1832
0.6044
0.8601
0.3311
0.7426
0.0446
0.5913
0.9786
0.2155
0.805
0.4779
0.1132
0.6674
0.3515
0.9229
0.0685
0.5251
0.7555
0.2834
0.8474
0.4457
0.1713
0.6468
0.9971
0.3393
0.7277
0.0345
0.5851
0.8801
0.2559
0.9426
0.4283
0.1348
0.6913
0.386
0.8139
0.0977
0.5158
0.7691
0.2345
0.9083
0.4712
0.1517
0.6188
0.8547
0.3674
0.7013
0.0225
0.5764
0.93
0.2415
0.8294
0.4548
0.1684
0.6644
0.3976
0.8945
0.0638
0.5438
0.7861
0.2768
0.9653
0.4216
0.133
0.6114
0.8878
0.3186
0.7379
0.0411
0.5982
0.9725
0.2091
0.8335
0.4802
0.1084
0.6857
0.343
0.9164
0.0716
0.5287
0.7625
0.2916
0.8512
0.4407
0.1751
0.635
0.9893
0.3563
0.7244
0.048
0.5814
0.8755
0.2214
0.9478
0.4328
0.121
0.6995
0.3769
0.8223
0.0844
0.5118
0.774
0.2459
0.9264
0.4664
0.1578
0.6242
0.8685
0.335
0.7145
0.0144
0.5693
0.9422
0.229
0.816
0.4884
0.1449
0.6786
0.3619
0.9047
0.0539
0.5526
0.7911
0.267
0.8604
0.4181
0.1867
0.6415
0.9839
0.3238
0.7464
0.0383
0.5876
0.898
0.2045
0.9565
0.4372
0.1244
0.6945
0.3878
0.8279
0.0795
0.5173
0.7538
0.2507
0.9185
0.4805
0.1618
0.6158
0.8778
0.3463
0.7195
0.027
0.5746
0.9348
0.2393
0.8304
0.4582
0.1726
0.6684
0.3929
0.8927
0.0659
0.5381
0.7824
0.28
0.969
0.4158
0.1805
0.6026
0.8626
0.3273
0.7334
0.0518
0.5912
0.975
0.2143
0.8071
0.4753
0.1112
0.6726
0.3476
0.9278
0.0703
0.5264
0.7597
0.2866
0.8493
0.4488
0.1734
0.6461
0.9933
0.3411
0.7291
0.0331
0.5834
0.8835
0.2586
0.9449
0.4265
0.1361
0.6923
0.3832
0.8173
0.096
0.5144
0.771
0.2376
0.9102
0.4736
0.1542
0.6216
0.8529
0.3663
0.7024
0.0209
0.5793
0.9271
0.2431
0.8264
0.453
0.1663
0.665
0.3967
0.8967
0.0626
0.5422
0.788
0.2729
0.9635
0.4234
0.1375
0.6096
0.8858
0.3172
0.7399
0.0404
0.5939
0.9708
0.2111
0.8351
0.4776
0.1065
0.6869
0.3443
0.9154
0.0745
0.5312
0.764
0.2851
0.8554
0.4421
0.1773
0.6338
0.9866
0.3538
0.721
0.0461
0.5824
0.872
0.2236
0.9512
0.431
0.1191
0.6959
0.3756
0.8236
0.0856
0.5195
0.7575
0.2473
0.9242
0.4689
0.1566
0.6221
0.8699
0.3332
0.7118
0.0165
0.5659
0.944
0.2276
0.8165
0.4878
0.1446
0.6801
0.3645
0.9019
0.056
0.5508
0.7816
0.2986
0.841
0.4195
0.1871
0.638
0.981
0.3266
0.7354
0.0653
0.5891
0.8948
0.2059
0.9538
0.4392
0.1278
0.6983
0.3736
0.8266
0.081
0.5135
0.7738
0.2478
0.9123
0.4829
0.1495
0.6262
0.865
0.3509
0.7162
0.0189
0.5719
0.9394
0.2246
0.8383
0.4612
0.1628
0.6814
0.391
0.8885
0.0779
0.5354
0.7945
0.2711
0.9678
0.4139
0.1834
0.6041
0.8603
0.3308
0.7423
0.0448
0.591
0.9788
0.2157
0.8049
0.4776
0.1134
0.6676
0.3512
0.9231
0.0682
0.5248
0.7557
0.2836
0.8471
0.4459
0.1715
0.6466
0.9968
0.3395
0.7274
0.0347
0.5848
0.8803
0.2556
0.9428
0.428
0.135
0.6915
0.3857
0.8141
0.0979
0.516
0.7688
0.2342
0.9081
0.471
0.1514
0.619
0.8549
0.3676
0.7011
0.0227
0.5761
0.9302
0.2413
0.8296
0.4544
0.1686
0.6641
0.3978
0.8947
0.0635
0.5443